0.044484,
-0.017386,
-0.015122,
-0.013684,
-0.012777,
-0.012281,
-0.012014,
-0.011886,
-0.011773,
-0.011603,
-0.011295,
-0.010806,
-0.010087,
-0.009107,
-0.007837,
-0.006262,
-0.004375,
-0.002181,
0.000311,
0.003082,
0.006111,
0.009372,
0.012827,
0.016432,
0.020128,
0.023860,
0.027562,
0.031185,
0.034675,
0.037992,
0.041074,
0.043873,
0.046308,
0.048351,
0.049942,
0.051182,
0.051858,
0.052171,
0.051858,
0.051182,
0.049942,
0.048351,
0.046308,
0.043873,
0.041074,
0.037992,
0.034675,
0.031185,
0.027562,
0.023860,
0.020128,
0.016432,
0.012827,
0.009372,
0.006111,
0.003082,
0.000311,
-0.002181,
-0.004375,
-0.006262,
-0.007837,
-0.009107,
-0.010087,
-0.010806,
-0.011295,
-0.011603,
-0.011773,
-0.011886,
-0.012014,
-0.012281,
-0.012777,
-0.013684,
-0.015122,
-0.017386,
0.044484,
