0.00000000000000000000e+000,
3.20936308033943677776e-016,
1.31981893982276812970e-014,
2.68847418607380142886e-013,
3.61865420238915462444e-012,
3.62252510914835511554e-011,
2.87841127612822491376e-010,
1.89203108565938320431e-009,
1.05876933981028812362e-008,
5.15176085598823055395e-008,
2.21542653211087888838e-007,
8.52951630584534586096e-007,
2.97125351802526231791e-006,
9.44755058677401625075e-006,
2.76244704876262264347e-005,
7.47545686833182192535e-005,
1.88260667372742914469e-004,
4.43376125089637641331e-004,
9.80718538622990824646e-004,
2.04522148730543456424e-003,
4.03508303687406897492e-003,
7.55486021289832054837e-003,
1.34611541143617608612e-002,
2.28840188303667362024e-002,
3.72045604862082865405e-002,
5.79715581314260638979e-002,
8.67488679477337737422e-002,
1.24900552249599741672e-001,
1.73339378164811042105e-001,
2.32281657800701396566e-001,
3.01061450168824185081e-001,
3.78054873237046396017e-001,
4.60748480864149323466e-001,
5.45956356607128379110e-001,
6.30155140503155242193e-001,
7.09874042990299325417e-001,
7.82057876954768804723e-001,
8.44322476436517699305e-001,
8.95045506494231757344e-001,
9.33277016168393314111e-001,
9.58502758046486658117e-001,
9.70335749655331536445e-001,
9.68234956910666855201e-001,
9.51346185783567555028e-001,
9.18528591209302525122e-001,
8.68578123725883055606e-001,
8.00600619462969453899e-001,
7.14438642996599537760e-001,
6.11032104258038999411e-001,
4.92601217044842276671e-001,
3.62580706756529702606e-001,
2.25296414448505233352e-001,
8.54431653659493833830e-002,
-5.25224974348708004146e-002,
-1.84934737757797285074e-001,
-3.09285915132299138453e-001,
-4.24323307035309571500e-001,
-5.29856624215885751994e-001,
-6.26330780370674800039e-001,
-7.14277583576539476518e-001,
-7.93789932966425415550e-001,
-8.64154941666763654062e-001,
-9.23740232749492795605e-001,
-9.70161757672309166267e-001,
-1.00068926599041940761e+000,
-1.01278581123047772827e+000,
-1.00464560559861704192e+000,
-9.75597784034020309996e-001,
-9.26280470469774463993e-001,
-8.58549540299857749659e-001,
-7.75153526981564033882e-001,
-6.79262799444880438493e-001,
-5.73973287017260580534e-001,
-4.61905340409186238038e-001,
-3.44987977877221130285e-001,
-2.24466830096815644913e-001,
-1.01114828101298306895e-001,
2.44263725632932228449e-002,
1.51276327133828603078e-001,
2.78021568094338422661e-001,
4.02577058803965326383e-001,
5.22239233672693869970e-001,
6.33915488652875724895e-001,
7.34470344143669295889e-001,
8.21101397640876973227e-001,
8.91654670283918870943e-001,
9.44808692917538439637e-001,
9.80093360281108938459e-001,
9.97752859664260416395e-001,
9.98500362973201771588e-001,
9.83236063606234389489e-001,
9.52804224072020367053e-001,
9.07849274157063623747e-001,
8.48800840605897555236e-001,
7.75981524384092180568e-001,
6.89798919171832780606e-001,
5.90962908556972976726e-001,
4.80665283441918778085e-001,
3.60671268146616486039e-001,
2.33297441312860509566e-001,
1.01280646454865799755e-001,
-3.24302621523534090331e-002,
-1.64910452529375306518e-001,
-2.93469644425544462507e-001,
-4.15793768855455603273e-001,
-5.29994716612763649977e-001,
-6.34569991996052573668e-001,
-7.28296797527321460031e-001,
-8.10099922733256483376e-001,
-8.78936457103906998434e-001,
-9.33732548650655802547e-001,
-9.73390911302315253728e-001,
-9.96867363909370696184e-001,
-1.00329589616356451565e+000,
-9.92129375211050157368e-001,
-9.63259848890695713486e-001,
-9.17088722022581293025e-001,
-8.54530671436160571552e-001,
-7.76952080217534479800e-001,
-6.86060462557089079105e-001,
-5.83771869322121328416e-001,
-4.72086239565146725816e-001,
-3.52995812589765867173e-001,
-2.28440793486235166343e-001,
-1.00312688290028720339e-001,
2.95071515925493937926e-002,
1.59094927925582135808e-001,
2.86441408824172627501e-001,
4.09438316803544533062e-001,
5.25904932445321549039e-001,
6.33654450536874636057e-001,
7.30589006774463256555e-001,
8.14805059097735817630e-001,
8.84688620414629589561e-001,
9.38982960305331570972e-001,
9.76818698641844784802e-001,
9.97705566827681744613e-001,
1.00149397749836444049e+000,
9.88320673796790227783e-001,
9.58554733984198326091e-001,
9.12757857307313513751e-001,
8.51667064894608416559e-001,
7.76200452873528790043e-001,
6.87479494445209837750e-001,
5.86856438769884913853e-001,
4.75933753759190725230e-001,
3.56564529906331251219e-001,
2.30827588019097224015e-001,
1.00977300192757205033e-001,
-3.06258649871242044638e-002,
-1.61593856521081380428e-001,
-2.89586954598304857633e-001,
-4.12376929460853081100e-001,
-5.27891159810112808870e-001,
-6.34236506073789119142e-001,
-7.29706646330160246805e-001,
-8.12780081041894364446e-001,
-8.82117293508776212363e-001,
-9.36564433036354837547e-001,
-9.75167817616989451857e-001,
-9.97199465602832790800e-001,
-1.00218990589320067208e+000,
-9.89961724052921043793e-001,
-9.60656344894076807961e-001,
-9.14747574818553399467e-001,
-8.53038052595036622172e-001,
-7.76638223788226111921e-001,
-6.86930837911837621768e-001,
-5.85526425474978129415e-001,
-4.74216188014160711095e-001,
-3.54928082407343026272e-001,
-2.29689883213851420152e-001,
-1.00600278924763530952e-001,
3.01936310251487566303e-002,
1.60516013532492562987e-001,
2.88183461603173041166e-001,
4.11031358896976839468e-001,
5.26947507484699428915e-001,
6.33912837037833520881e-001,
7.30046811470188350413e-001,
8.13653551792319018610e-001,
8.83264083961173396276e-001,
9.37670609318832837253e-001,
9.75950106204756084871e-001,
9.97476497124227035052e-001,
1.00192253727397151408e+000,
9.89254012990711917297e-001,
9.59719462604100570502e-001,
9.13838363921681939850e-001,
8.52389726046049012176e-001,
7.76401607632917767354e-001,
6.87140665967430619432e-001,
5.86099801126864106138e-001,
4.74981559395125485512e-001,
3.55675285289526132981e-001,
2.30226953627848451855e-001,
1.00801903510715912260e-001,
-3.03580150930405461007e-002,
-1.60980414668570298575e-001,
-2.88808591318168661477e-001,
-4.11645328762562101588e-001,
-5.27392338179743624949e-001,
-6.34084397876240934977e-001,
-7.29918290322443152895e-001,
-8.13277434768081786132e-001,
-8.82753499545280595484e-001,
-9.37166182039237516399e-001,
-9.75581829113761123118e-001,
-9.97330811331325950420e-001,
-1.00202279553363649001e+000,
-9.89558506765037648734e-001,
-9.60136382000487453858e-001,
-9.14252734728989158164e-001,
-8.52694603359049008162e-001,
-7.76525202673473469162e-001,
-6.87062656961380580078e-001,
-5.85853295091621650847e-001,
-4.74641105826554665637e-001,
-3.55334933757685156319e-001,
-2.29974677677208860782e-001,
-1.00697248459515109609e-001,
3.02974877465834249723e-002,
1.60780958230532899922e-001,
2.88530672774075180875e-001,
4.11365813106224775808e-001,
5.27183579526182444219e-001,
6.33995827695594593720e-001,
7.29965100039313918856e-001,
8.13438834057079840356e-001,
8.82980398869323002131e-001,
9.37395710276838767250e-001,
9.75754483412417106258e-001,
9.97405623932795748487e-001,
1.00198672251571530012e+000,
9.89427993990319332163e-001,
9.59951218795691341157e-001,
9.14064281030564473873e-001,
8.52551783515037575611e-001,
7.76462016769315477305e-001,
6.87090338746631612565e-001,
5.85958856644569814343e-001,
4.74792248207547840089e-001,
3.55489647342502046445e-001,
2.30092738120763778964e-001,
1.00750501810535159075e-001,
-3.03186335234253111215e-002,
-1.60866258528091915503e-001,
-2.88653969914891728177e-001,
-4.11492808442243729328e-001,
-5.27281209196724942601e-001,
-6.34040728545520182458e-001,
-7.29949037468338057799e-001,
-8.13369872459311027413e-001,
-8.82879772351515046402e-001,
-9.37291476830394154618e-001,
-9.75673820735182939501e-001,
-9.97367858723433253765e-001,
-1.00199884986905241036e+000,
-9.89483673967007093530e-001,
-9.60033273226165939640e-001,
-9.14149818616049714137e-001,
-8.52618470939256356544e-001,
-7.76493814248146563273e-001,
-6.87081253551634851817e-001,
-5.85913860269549169324e-001,
-4.74725289103260783552e-001,
-3.55419457605336497341e-001,
-2.30037671033439888868e-001,
-1.00723810039520994541e-001,
3.03118849845256839448e-002,
1.60829962911033269579e-001,
2.88599395346724907352e-001,
4.11435222940004508008e-001,
5.27235690162361492206e-001,
6.34018279279217167321e-001,
7.29953993080218466183e-001,
8.13399194265002178916e-001,
8.82924304992962150074e-001,
9.37338718937438253320e-001,
9.75711384444415408268e-001,
9.97386666454446180197e-001,
1.00199525706538983272e+000,
9.89460049320466716871e-001,
9.59996998514407673397e-001,
9.14111069952128652005e-001,
8.52587421923414967573e-001,
7.76478008037967182275e-001,
6.87083810535216055193e-001,
5.85932942306208071059e-001,
4.74754891238328979863e-001,
3.55451239166424015625e-001,
2.30063274744488538426e-001,
1.00737025242043490292e-001,
-3.03136659813093706228e-002,
-1.60845315142828682031e-001,
-2.88623490244497959978e-001,
-4.11461283742842132138e-001,
-5.27256855707261773425e-001,
-6.34029381244170742171e-001,
-7.29952794610504773765e-001,
-8.13386793083054504550e-001,
-8.82904637342960096902e-001,
-9.37317348530932070716e-001,
-9.75693946663510724981e-001,
-9.97377405206612444033e-001,
-1.00199602835825163361e+000,
-9.89470007875456580848e-001,
-9.60012991491570932823e-001,
-9.14128588817768483743e-001,
-8.52601841861957199242e-001,
-7.76485789144243154780e-001,
-6.87083354523971845396e-001,
-5.85924894101238713517e-001,
-4.74741830033677258971e-001,
-3.55436876225138365104e-001,
-2.30051408266736451269e-001,
-1.00730551152850192342e-001,
3.03134334101384690652e-002,
1.60838868402336382379e-001,
2.88612883489615612564e-001,
4.11449512823703178466e-001,
5.27247036366790711170e-001,
6.34023937790587410746e-001,
7.29952866328797855822e-001,
8.13392009143185990006e-001,
8.82913307819285120281e-001,
9.37326997231486158668e-001,
9.75702014793770722179e-001,
9.97381919915977244173e-001,
1.00199606381153594192e+000,
9.89465844275948191999e-001,
9.60005963426178166031e-001,
9.14120683865590533124e-001,
8.52595157966100747338e-001,
7.76481986998298845393e-001,
6.87083245059472269567e-001,
5.85928270331043554719e-001,
4.74747584118015764076e-001,
3.55443354979245784708e-001,
2.30056888608916376704e-001,
1.00733691802668640092e-001,
-3.03132810155548326758e-002,
-1.60841550013887724102e-001,
-2.88617535253991863708e-001,
-4.11454818854313564280e-001,
-5.27251584836889497510e-001,
-6.34026590259018418827e-001,
-7.29953045770111552670e-001,
-8.13389826151617367778e-001,
-8.82909489666111158002e-001,
-9.37322648979258099544e-001,
-9.75698296295602229833e-001,
-9.97379740682343141067e-001,
-1.00199587526706923590e+000,
-9.89467565561714224032e-001,
-9.60009038267639502884e-001,
-9.14124243598828711832e-001,
-8.52598253058075350452e-001,
-7.76483835901630281562e-001,
-6.87083436752015774829e-001,
-5.85926859863330262712e-001,
-4.74745050252393996360e-001,
-3.55440437932598163329e-001,
-2.30054368833923078563e-001,
-1.00732183864431057430e-001,
3.03134653611988776067e-002,
1.60840449882579700214e-001,
2.88615506202522409396e-001,
4.11452431946555841069e-001,
5.27249478273447924614e-001,
6.34025301883830660898e-001,
7.29952869186564101689e-001,
8.13390737420286225046e-001,
8.82911172087510465190e-001,
9.37324605050395387451e-001,
9.75700001009007999997e-001,
9.97380780799234090139e-001,
1.00199603767050238190e+000,
9.89466866413249324097e-001,
9.60007702317128508440e-001,
9.14122643988401817339e-001,
8.52596818423635993689e-001,
7.76482937799636507847e-001,
6.87083285982607039344e-001,
5.85927449212965578695e-001,
4.74746168563011883279e-001,
3.55441749073507173851e-001,
2.30055519701497235285e-001,
1.00732898541818230442e-001,
-3.03133305285649135019e-002,
-1.60840890729715718654e-001,
-2.88616383104182250285e-001,
-4.11453503313511381734e-001,
-5.27250456463666306028e-001,
-6.34025928722510623281e-001,
-7.29952992106488118829e-001,
-8.13390355206552007061e-001,
-8.82910427266899833221e-001,
-9.37323726525858380576e-001,
-9.75699226256399154700e-001,
-9.97380292136795243430e-001,
-1.00199592996437547576e+000,
-9.89467141255183313397e-001,
-9.60008275393756327354e-001,
-9.14123361097825659627e-001,
-8.52597486737595833262e-001,
-7.76483376397303359795e-001,
-6.87083383148073045810e-001,
-5.85927199956981836770e-001,
-4.74745670853068901796e-001,
-3.55441160605398820405e-001,
-2.30055000214015537008e-001,
-1.00732566600573114624e-001,
3.03134142433362230307e-002,
1.60840722306583777668e-001,
2.88616010974604875194e-001,
4.11453023665507788831e-001,
5.27249998397201657951e-001,
6.34025620556405766770e-001,
7.29952916964274667322e-001,
8.13390519344435403148e-001,
8.82910761599151716617e-001,
9.37324120614372202631e-001,
9.75699572600073117279e-001,
9.97380515564493141945e-001,
1.00199599369735126153e+000,
9.89467040863438063170e-001,
9.60008036071977044479e-001,
9.14123040544332465807e-001,
8.52597171238614892630e-001,
7.76483158478881274611e-001,
6.87083325963642410628e-001,
5.85927309761773540409e-001,
4.74745897247705161970e-001,
3.55441424495253732729e-001,
2.30055229183667164783e-001,
1.00732714996825983844e-001,
-3.03133665219853590256e-002,
-1.60840779340279543819e-001,
-2.88616162588388291965e-001,
-4.11453237681001671167e-001,
-5.27250217277275834427e-001,
-6.34025776114276684581e-001,
-7.29952959967333558922e-001,
-8.13390444110170918179e-001,
-8.82910606460476032886e-001,
-9.37323943890911781551e-001,
-9.75699423153176148560e-001,
-9.97380418981378857879e-001,
-1.00199595846477862437e+000,
-9.89467070357878286657e-001,
-9.60008129807261578748e-001,
-9.14123183251562498874e-001,
-8.52597324676130807752e-001,
-7.76483271000278696405e-001,
-6.87083358022777868079e-001,
-5.85927256444757738052e-001,
-4.74745789112080984751e-001,
-3.55441306099764320336e-001,
-2.30055133584745330477e-001,
-1.00732654149560590939e-001,
3.03133922057588836574e-002,
1.60840767271211604328e-001,
2.88616107016385237127e-001,
4.11453142678307903779e-001,
5.27250108141317230803e-001,
6.34025693257938338654e-001,
7.29952936207999836249e-001,
8.13390483587909551844e-001,
8.82910683616578317867e-001,
9.37324023275305506786e-001,
9.75699482309477894582e-001,
9.97380455210054694959e-001,
1.00199597695880249226e+000,
9.89467069267499277352e-001,
9.60008099377940626873e-001,
9.14123120146783652018e-001,
8.52597245513978307940e-001,
7.76483208568907734559e-001,
6.87083340472746439964e-001,
5.85927287223688808560e-001,
4.74745845867037830068e-001,
3.55441359405697376861e-001,
2.30055168091069794922e-001,
1.00732673437074010669e-001,
-3.03133790596941225803e-002,
-1.60840761478195926060e-001,
-2.88616120895593297746e-001,
-4.11453184465093158018e-001,
-5.27250167034420624823e-001,
-6.34025741641426887618e-001,
-7.29952949163294895207e-001,
-8.13390458248221315252e-001,
-8.82910640284592762583e-001,
-9.37323987393650304156e-001,
-9.75699464467652655131e-001,
-9.97380447568250949608e-001,
-1.00199596775144517125e+000,
-9.89467059182832842090e-001,
-9.60008102372940541613e-001,
-9.14123147693638227196e-001,
-8.52597290707911792396e-001,
-7.76483247300522316792e-001,
-6.87083350058643294034e-001,
-5.85927265264728935890e-001,
-4.74745811358619373976e-001,
-3.55441335160109728175e-001,
-2.30055161509311323353e-001,
-1.00732673792737315033e-001,
3.03133853900740095344e-002,
1.60840774221334248395e-001,
2.88616125051914362842e-001,
4.11453166425339800227e-001,
5.27250131094532115128e-001,
6.34025709534870807182e-001,
7.29952942029674312074e-001,
8.13390478120661786221e-001,
8.82910668998464820412e-001,
9.37324003872623823241e-001,
9.75699463445019010699e-001,
9.97380441725746913484e-001,
1.00199597199493983801e+000,
9.89467073560221010986e-001,
9.60008111223287552427e-001,
9.14123135997833013988e-001,
8.52597261016046714666e-001,
7.76483219737101326707e-001,
6.87083344698318554400e-001,
5.85927283860052994235e-001,
4.74745836270937027201e-001,
3.55441346457868123654e-001,
2.30055155353725671041e-001,
1.00732664189318241177e-001,
-3.03133826513440618466e-002,
-1.60840758848425413596e-001,
-2.88616113123625228631e-001,
-4.11453173890125922796e-001,
-5.27250156570050476645e-001,
-6.34025733985603356935e-001,
-7.29952946114742706740e-001,
-8.13390460299200479533e-001,
-8.82910646577525937140e-001,
-9.37323996029468142765e-001,
-9.75699473063571187659e-001,
-9.97380453904778807583e-001,
-1.00199597033564025139e+000,
-9.89467057587583909140e-001,
-9.60008097278947647446e-001,
-9.14123140642328024796e-001,
-8.52597283647717030242e-001,
-7.76483242057080080833e-001,
-6.87083347870749094888e-001,
-5.85927266501783727826e-001,
-4.74745815480955346555e-001,
-3.55441340916858528054e-001,
-2.30055167307415375788e-001,
-1.00732678130725616938e-001,
3.03133835398342009471e-002,
1.60840775177414463393e-001,
2.88616128386996628752e-001,
4.11453171124566086103e-001,
5.27250135855566903764e-001,
6.34025713123013368033e-001,
7.29952943592686809282e-001,
8.13390477384519638981e-001,
8.82910666301069735340e-001,
9.37324000037169424715e-001,
9.75699459536037538854e-001,
9.97380438758433296442e-001,
1.00199597067588963561e+000,
9.89467074124588008566e-001,
9.60008113404262841684e-001,
9.14123139127842265772e-001,
8.52597264225049666919e-001,
7.76483222190495037118e-001,
6.87083345810408752108e-001,
5.85927283429476086773e-001,
4.74745834508037811705e-001,
3.55441343903893369749e-001,
2.30055152719666616834e-001,
1.00732662161220953845e-001,
-3.03133835881206903373e-002,
-1.60840758521790916369e-001,
-2.88616111699130484247e-001,
-4.11453171806491158069e-001,
-5.27250154408217430735e-001,
-6.34025732309430045675e-001,
-7.29952945326342805821e-001,
-8.13390460545380333812e-001,
-8.82910647728226471997e-001,
-9.37323997729160307557e-001,
-9.75699474837636304692e-001,
-9.97380455289843981248e-001,
-1.00199597099863835226e+000,
-9.89467057403486505152e-001,
-9.60008096349728612395e-001,
-9.14123139256029282329e-001,
-8.52597282192043337545e-001,
-7.76483240912778871490e-001,
-6.87083347313633518993e-001,
-5.85927266638171628799e-001,
-4.74745816231067652158e-001,
-3.55441342047389918779e-001,
-2.30055168501700296746e-001,
-1.00732679075948516889e-001,
3.03133830720230118549e-002,
1.60840775277293207557e-001,
2.88616128992299547651e-001,
4.11453172046372717130e-001,
5.27250136835269667124e-001,
6.34025713903641374714e-001,
7.29952943985228586143e-001,
8.13390477312418869182e-001,
8.82910665812795203422e-001,
9.37323999285659570369e-001,
9.75699458732458224652e-001,
9.97380438113852463289e-001,
1.00199597034672360785e+000,
9.89467074175674921044e-001,
9.60008113797983786419e-001,
9.14123139740422252508e-001,
8.52597264884085048742e-001,
7.76483222722643029456e-001,
6.87083346086256763208e-001,
5.85927283394173992193e-001,
4.74745834190690496612e-001,
3.55441343404646281634e-001,
2.30055152179257482725e-001,
1.00732661721992605708e-001,
-3.03133838191193827338e-002,
-1.60840758498211250371e-001,
-2.88616111443408485115e-001,
-4.11453171399631556504e-001,
-5.27250153965094003894e-001,
-6.34025731946916137893e-001,
-7.29952945132971375841e-001,
-8.13390460560277639424e-001,
-8.82910647934168957285e-001,
-9.37323998060646035313e-001,
-9.75699475200915822271e-001,
-9.97380455588967929081e-001,
-1.00199597116040228784e+000,
-9.89467057394893156896e-001,
-9.60008096183936565637e-001,
-9.14123138985987848670e-001,
-8.52597281894250991208e-001,
-7.76483240665995833041e-001,
-6.87083347178376824260e-001,
-5.85927266642243371741e-001,
-4.74745816364468331550e-001,
-3.55441342267330484539e-001,
-2.30055168745768451322e-001,
-1.00732679279502371217e-001,
3.03133829590017042643e-002,
1.60840775278208225618e-001,
2.88616129099598994756e-001,
4.11453172225488827962e-001,
5.27250137035289001552e-001,
6.34025714071515977821e-001,
7.29952944079625520857e-001,
8.13390477313653548208e-001,
8.82910665726529764186e-001,
9.37323999139811681047e-001,
9.75699458568555888505e-001,
9.97380437975424860575e-001,
1.00199597026792019960e+000,
9.89467074173039695673e-001,
9.60008113867308221501e-001,
9.14123139859167044285e-001,
8.52597265018381622603e-001,
7.76483222836776620923e-001,
6.87083346152017049313e-001,
5.85927283397666198717e-001,
4.74745834135007538368e-001,
3.55441343307978885324e-001,
2.30055152069222862421e-001,
1.00732661627890185407e-001,
-3.03133838739895571102e-002,
-1.60840758502186459422e-001,
-2.88616111398730723625e-001,
-4.11453171320974975256e-001,
-5.27250153874973759294e-001,
-6.34025731869364395088e-001,
-7.29952945087227744736e-001,
-8.13390460556123073843e-001,
-8.82910647970005957319e-001,
-9.37323998124640733742e-001,
-9.75699475274715899431e-001,
-9.97380455652864150728e-001,
-1.00199597119851113725e+000,
-9.89467057399017302366e-001,
-9.60008096155190338017e-001,
-9.14123138933911616455e-001,
-8.52597281833803122275e-001,
-7.76483240613338621117e-001,
-6.87083347146621781221e-001,
-5.85927266638256782905e-001,
-4.74745816387497410194e-001,
-3.55441342309687213774e-001,
-2.30055168795262110493e-001,
-1.00732679322879797867e-001,
3.03133829325619580386e-002,
1.60840775274454533816e-001,
2.88616129118046460533e-001,
4.11453172259944599531e-001,
5.27250137075819802490e-001,
6.34025714107255722318e-001,
7.29952944101644352060e-001,
8.13390477317141313840e-001,
8.82910665711775122233e-001,
9.37323999111801198225e-001,
9.75699458535381314306e-001,
9.97380437945994069437e-001,
1.00199597024960040947e+000,
9.89467074169853688659e-001,
9.60008113879108671007e-001,
9.14123139881941271234e-001,
8.52597265045539232098e-001,
7.76483222861016564309e-001,
6.87083346167261854731e-001,
5.85927283400553777781e-001,
4.74745834125586407826e-001,
3.55441343289476185952e-001,
2.30055152047005995186e-001,
1.00732661607941906268e-001,
-3.03133838866574654991e-002,
-1.60840758504766312420e-001,
-2.88616111391203244985e-001,
-4.11453171305935505586e-001,
-5.27250153856792969087e-001,
-6.34025731852944862688e-001,
-7.29952945076702053306e-001,
-8.13390460553835237256e-001,
-8.82910647976019591354e-001,
-9.37323998136870062403e-001,
-9.75699475289601325656e-001,
-9.97380455666388665570e-001,
-1.00199597120726680011e+000,
-9.89467057401048122323e-001,
-9.60008096150403500424e-001,
-9.14123138923982780923e-001,
-8.52597281821629748855e-001,
-7.76483240602211965964e-001,
-6.87083347139351374722e-001,
-5.85927266636474541883e-001,
-4.74745816391311969973e-001,
-3.55441342317753594671e-001,
-2.30055168805222698403e-001,
-1.00732679332038943532e-001,
3.03133829265193020797e-002,
1.60840775272888814040e-001,
2.88616129121073039521e-001,
4.11453172266484090702e-001,
5.27250137083953629435e-001,
6.34025714114776262065e-001,
7.29952944106644130429e-001,
8.13390477318487126190e-001,
8.82910665709351616393e-001,
9.37323999106474459175e-001,
9.75699458528713758909e-001,
9.97380437939794028956e-001,
1.00199597024544018176e+000,
9.89467074168677407364e-001,
9.60008113881027913550e-001,
9.14123139886260704934e-001,
8.52597265050986652390e-001,
7.76483222866109712434e-001,
6.87083346170704323264e-001,
5.85927283401557863485e-001,
4.74745834124044585600e-001,
3.55441343285945232644e-001,
2.30055152042520499878e-001,
1.00732661603716452947e-001,
-3.03133838895534302171e-002,
-1.60840758505675390788e-001,
-2.88616111390023355465e-001,
-4.11453171303110265544e-001,
-5.27250153853162206730e-001,
-6.34025731849501728021e-001,
-7.29952945074326953190e-001,
-8.13390460553075178574e-001,
-8.82910647976968609996e-001,
-9.37323998139173775179e-001,
-9.75699475292577833585e-001,
-9.97380455669225618465e-001,
-1.00199597120924077664e+000,
-9.89467057401704375152e-001,
-9.60008096149657985663e-001,
-9.14123138922118383398e-001,
-8.52597281819201024966e-001,
-7.76483240599883606237e-001,
-6.87083347137719235853e-001,
-5.85927266635916099702e-001,
-4.74745816391903052711e-001,
-3.55441342319267550298e-001,
-2.30055168807208637594e-001,
-1.00732679333952551692e-001,
3.03133829251691529205e-002,
1.60840775272416441899e-001,
2.88616129121546105551e-001,
4.11453172267721989375e-001,
5.27250137085589987151e-001,
6.34025714116364880191e-001,
7.29952944107780221650e-001,
8.13390477318908455828e-001,
8.82910665708997011158e-001,
9.37323999105487248862e-001,
9.75699458527390484086e-001,
9.97380437938499397887e-001,
1.00199597024450781646e+000,
9.89467074168325244621e-001,
9.60008113881311020421e-001,
9.14123139887065949694e-001,
8.52597265052074337888e-001,
7.76483222867183076055e-001,
6.87083346171490028098e-001,
5.85927283401875387270e-001,
4.74745834123846632835e-001,
3.55441343285321453838e-001,
2.30055152041665211815e-001,
1.00732661602871656492e-001,
-3.03133838901641985974e-002,
-1.60840758505903763664e-001,
-2.88616111389829954614e-001,
-4.11453171302567977108e-001,
-5.27250153852430458734e-001,
-6.34025731848779638966e-001,
-7.29952945073799042142e-001,
-8.13390460552864902333e-001,
-8.82910647977110385476e-001,
-9.37323998139608649538e-001,
-9.75699475293176243795e-001,
-9.97380455669823695608e-001,
-1.00199597120968486585e+000,
-9.89467057401891336710e-001,
-9.60008096149556844345e-001,
-9.14123138921775102439e-001,
-8.52597281818720187374e-001,
-7.76483240599399437976e-001,
-6.87083347137357525192e-001,
-5.85927266635763555058e-001,
-4.74745816391986263927e-001,
-3.55441342319551101259e-001,
-2.30055168807607818282e-001,
-1.00732679334358504741e-001,
3.03133829248596782524e-002,
1.60840775272274916219e-001,
2.88616129121595788032e-001,
4.11453172267934874640e-001,
5.27250137085897518929e-001,
6.34025714116678629217e-001,
7.29952944108016033020e-001,
8.13390477319007709767e-001,
8.82910665708940944896e-001,
9.37323999105298510948e-001,
9.75699458527125584872e-001,
9.97380437938230723915e-001,
1.00199597024430420156e+000,
9.89467074168235538600e-001,
9.60008113881351099472e-001,
9.14123139887217273092e-001,
8.52597265052291053422e-001,
7.76483222867405453727e-001,
6.87083346171661113466e-001,
5.85927283401955545372e-001,
4.74745834123822485484e-001,
3.55441343285208155578e-001,
2.30055152041500454718e-001,
1.00732661602704332005e-001,
-3.03133838902873015142e-002,
-1.60840758505950143231e-001,
-2.88616111389789042896e-001,
-4.11453171302452624936e-001,
-5.27250153852272029908e-001,
-6.34025731848619211739e-001,
-7.29952945073675807386e-001,
-8.13390460552806726646e-001,
-8.82910647977126927799e-001,
-9.37323998139690361953e-001,
-9.75699475293297813216e-001,
-9.97380455669952481479e-001,
-1.00199597120978878273e+000,
-9.89467057401947736039e-001,
-9.60008096149557510479e-001,
-9.14123138921727251827e-001,
-8.52597281818643581985e-001,
-7.76483240599319501918e-001,
-6.87083347137299016438e-001,
-5.85927266635742460821e-001,
-4.74745816392007191631e-001,
-3.55441342319605835254e-001,
-2.30055168807678456222e-001,
-1.00732679334422953188e-001,
3.03133829248215524998e-002,
1.60840775272275776642e-001,
2.88616129121637532418e-001,
4.11453172268008426915e-001,
5.27250137085985781660e-001,
6.34025714116760674699e-001,
7.29952944108073209506e-001,
8.13390477319028026848e-001,
8.82910665708921627015e-001,
9.37323999105246996599e-001,
9.75699458527056084911e-001,
9.97380437938161445999e-001,
1.00199597024425224312e+000,
9.89467074168212334939e-001,
9.60008113881359759212e-001,
9.14123139887252911251e-001,
8.52597265052341457547e-001,
7.76483222867455746830e-001,
6.87083346171696529581e-001,
5.85927283401965870446e-001,
4.74745834123804055782e-001,
3.55441343285164246257e-001,
2.30055152041440141852e-001,
1.00732661602639841925e-001,
-3.03133838903436973744e-002,
-1.60840758505989250837e-001,
-2.88616111389806528909e-001,
-4.11453171302449960400e-001,
-5.27250153852255265541e-001,
-6.34025731848597007279e-001,
-7.29952945073657155639e-001,
-8.13390460552798066907e-001,
-8.82910647977130480513e-001,
-9.37323998139704461785e-001,
-9.75699475293317020075e-001,
-9.97380455669968690735e-001,
-1.00199597120979499998e+000,
-9.89467057401938743233e-001,
-9.60008096149531531260e-001,
-9.14123138921686728686e-001,
-8.52597281818594732172e-001,
-7.76483240599270874149e-001,
-6.87083347137258604320e-001,
-5.85927266635717147736e-001,
-4.74745816392000530293e-001,
-3.55441342319617659129e-001,
-2.30055168807705157086e-001,
-1.00732679334458258280e-001,
3.03133829247847798316e-002,
1.60840775272244107530e-001,
2.88616129121615716535e-001,
4.11453172267998712464e-001,
5.27250137085987224950e-001,
6.34025714116770666706e-001,
7.29952944108087198316e-001,
8.13390477319041793614e-001,
8.82910665708931619022e-001,
9.37323999105251104424e-001,
9.75699458527054197532e-001,
9.97380437938154673638e-001,
1.00199597024424247316e+000,
9.89467074168202231910e-001,
9.60008113881351099472e-001,
9.14123139887247249113e-001,
8.52597265052339237101e-001,
7.76483222867456523986e-001,
6.87083346171700082294e-001,
5.85927283401971421561e-001,
4.74745834123811438765e-001,
3.55441343285173516620e-001,
2.30055152041451632661e-001,
1.00732661602654052779e-001,
-3.03133838903264646314e-002,
-1.60840758505968989267e-001,
-2.88616111389783824848e-001,
-4.11453171302425591005e-001,
-5.27250153852230507567e-001,
-6.34025731848573581573e-001,
-7.29952945073636172424e-001,
-8.13390460552780858450e-001,
-8.82910647977117601926e-001,
-9.37323998139696579202e-001,
-9.75699475293313578383e-001,
-9.97380455669969356869e-001,
-1.00199597120979899678e+000,
-9.89467057401944627415e-001,
-9.60008096149539080777e-001,
-9.14123138921695277404e-001,
-8.52597281818603836001e-001,
-7.76483240599279422867e-001,
-6.87083347137266486904e-001,
-5.85927266635724475208e-001,
-4.74745816392007191631e-001,
-3.55441342319623987400e-001,
-2.30055168807711429846e-001,
-1.00732679334464864107e-001,
3.03133829247776015459e-002,
1.60840775272236169435e-001,
2.88616129121606779240e-001,
4.11453172267988609434e-001,
5.27250137085975900675e-001,
6.34025714116758121186e-001,
7.29952944108073209506e-001,
8.13390477319026250491e-001,
8.82910665708914743632e-001,
9.37323999105233229834e-001,
9.75699458527035656807e-001,
9.97380437938136799048e-001,
1.00199597024422670799e+000,
9.89467074168189131278e-001,
9.60008113881342217688e-001,
9.14123139887242586177e-001,
8.52597265052338570968e-001,
7.76483222867458189320e-001,
6.87083346171700970473e-001,
5.85927283401967979870e-001,
4.74745834123799781423e-001,
3.55441343285150201936e-001,
2.30055152041414995301e-001,
1.00732661602603953965e-001,
-3.03133838903878391480e-002,
-1.60840758506037656561e-001,
-2.88616111389854435032e-001,
-4.11453171302492815009e-001,
-5.27250153852289238365e-001,
-6.34025731848620544007e-001,
-7.29952945073670145248e-001,
-8.13390460552802618821e-001,
-8.82910647977130369490e-001,
-9.37323998139704017696e-001,
-9.75699475293319906655e-001
