1.00000000000000000000e+000,
3.09224829078913288072e+000,
1.04460217918254372194e+000,
2.39848215598265168680e+000,
-2.76962512332647015079e-001,
0.00000000000000000000e+000,
0.00000000000000000000e+000,
1.00000000000000000000e+000,
2.96290477217764447460e+000,
1.06453632712435464214e+000,
2.25901373833300578298e+000,
-2.99607878091816826061e-001,
0.00000000000000000000e+000,
0.00000000000000000000e+000,
1.00000000000000000000e+000,
2.73232162623517016442e+000,
1.09478186168448177185e+000,
2.00898770218668643039e+000,
-3.36384951247275632014e-001,
0.00000000000000000000e+000,
0.00000000000000000000e+000,
1.00000000000000000000e+000,
2.45112023582426585833e+000,
1.14386363974619076345e+000,
1.70227749211976253640e+000,
-3.94051918971000225689e-001,
0.00000000000000000000e+000,
0.00000000000000000000e+000,
1.00000000000000000000e+000,
2.17004136067847763769e+000,
1.22179612461781283983e+000,
1.39418277259810863278e+000,
-4.78991828464491287143e-001,
0.00000000000000000000e+000,
0.00000000000000000000e+000,
1.00000000000000000000e+000,
1.92125235561464080547e+000,
1.33219297540024106397e+000,
1.12048499414358992965e+000,
-5.91913799505619064867e-001,
0.00000000000000000000e+000,
0.00000000000000000000e+000,
1.00000000000000000000e+000,
1.71689434931340145774e+000,
1.46871869501067431329e+000,
8.95076699123236507738e-001,
-7.24336646732723021813e-001,
0.00000000000000000000e+000,
0.00000000000000000000e+000,
1.00000000000000000000e+000,
1.55774841106839057048e+000,
1.54541107050034076664e+000,
7.18943484223663942245e-001,
-6.17079246025763028527e-001,
0.00000000000000000000e+000,
0.00000000000000000000e+000,
1.00000000000000000000e+000,
1.44062190115872779117e+000,
1.58153646039146433822e+000,
5.88561700324829017994e-001,
-7.32500225931215553921e-001,
0.00000000000000000000e+000,
0.00000000000000000000e+000,
1.00000000000000000000e+000,
1.36003667944538841894e+000,
1.59230853930270566110e+000,
4.98311880430094666927e-001,
-8.37992621484386357444e-001,
0.00000000000000000000e+000,
0.00000000000000000000e+000,
1.00000000000000000000e+000,
1.30963641312894041313e+000,
1.67729738461289845652e+000,
4.41756249125471012196e-001,
-9.35798380349361136332e-001,
0.00000000000000000000e+000,
0.00000000000000000000e+000,
1.00000000000000000000e+000,
1.28517360456579177175e+000,
1.22823249378888066374e+000,
4.14362361630304931737e-001,
-3.68008601092814302547e-001,
0.00000000000000000000e+000,
0.00000000000000000000e+000
