4.77395900588817312382e-15,
6.85315860999465541186e-08,
7.27725495325170395385e-05,
2.13138726944255338771e-04,
2.56086918086549597540e-01,
4.77395900588817312382e-15,
6.85315860999465541186e-08,
7.27725495325170395385e-05,
2.13138726944255338771e-04,
2.56086918086549597540e-01,
4.77395900588817312382e-15,
6.85315860999465541186e-08,
7.27725495325170395385e-05,
2.13138726944255338771e-04,
2.56086918086549597540e-01,
4.77395900588817312382e-15,
6.85315860999465541186e-08,
7.27725495325170395385e-05,
2.13138726944255338771e-04,
2.56086918086549597540e-01,
4.77395900588817312382e-15,
6.85315860999465541186e-08,
7.27725495325170395385e-05,
2.13138726944255338771e-04,
2.56086918086549597540e-01,
4.77395900588817312382e-15,
6.85315860999465541186e-08,
7.27725495325170395385e-05,
2.13138726944255338771e-04,
2.56086918086549597540e-01,
4.77395900588817312382e-15,
6.85315860999465541186e-08,
7.27725495325170395385e-05,
2.13138726944255338771e-04,
2.56086918086549597540e-01,
4.77395900588817312382e-15,
6.85315860999465541186e-08,
7.27725495325170395385e-05,
2.13138726944255338771e-04,
2.56086918086549597540e-01,
4.77395900588817312382e-15,
6.85315860999465541186e-08,
7.27725495325170395385e-05,
2.13138726944255338771e-04,
2.56086918086549597540e-01,
4.77395900588817312382e-15,
6.85315860999465541186e-08,
7.27725495325170395385e-05,
2.13138726944255338771e-04,
2.56086918086549597540e-01,
4.77395900588817312382e-15,
6.85315860999465541186e-08,
7.27725495325170395385e-05,
2.13138726944255338771e-04,
2.56086918086549597540e-01,
4.77395900588817312382e-15,
6.85315860999465541186e-08,
7.27725495325170395385e-05,
2.13138726944255338771e-04,
2.56086918086549597540e-01,
