-9.38114033620796927693e-01,
1.93709070559849760862e+00,
9.99883597874392515692e-01,
2.00034753364417516863e+00,
1.00000000000000000000e+00,
-9.46576907469451445110e-01,
1.94551921598826216275e+00,
1.03092896452548732356e+00,
2.03045971004757896949e+00,
1.00000000000000000000e+00,
-9.64454850355281223528e-01,
1.96340320782439525793e+00,
1.00011645307311214381e+00,
1.99965252500312118400e+00,
1.00000000000000000000e+00,
-9.87308174089229328985e-01,
1.98624524687634229636e+00,
9.69998901008819469638e-01,
1.96954023130512112516e+00,
1.00000000000000000000e+00,
-9.66031849407051335099e-01,
1.96323497946531633218e+00,
1.00000000671841871025e+00,
2.00000000971964420060e+00,
1.00000000000000000000e+00,
-9.74546959618735164632e-01,
1.97295718679190112965e+00,
9.99999993281582622018e-01,
1.99999999028035624349e+00,
1.00000000000000000000e+00,
-9.83685443138117898698e-01,
1.97962724173866644328e+00,
1.00008046636980929556e+00,
-2.00008046312899923080e+00,
1.00000000000000000000e+00,
-9.91309319482386208655e-01,
1.99019306538397611206e+00,
9.99919540104511450629e-01,
-1.99991953687100565418e+00,
1.00000000000000000000e+00,
-7.81399083238655256523e-01,
1.74943442008000582533e+00,
9.99999997952154329184e-01,
-2.00000000407813072201e+00,
1.00000000000000000000e+00,
-8.88702588893431788541e-01,
1.82805074675475243140e+00,
1.00012663361769194026e+00,
2.00012662560072618234e+00,
1.00000000000000000000e+00,
-8.88880877287696602451e-01,
1.88114558533702247445e+00,
9.99873382416350819923e-01,
1.99987337439927270744e+00,
1.00000000000000000000e+00,
-9.68892672405799459945e-01,
1.96441550293922095882e+00,
1.00000000204784345037e+00,
-1.99999999592186616937e+00,
1.00000000000000000000e+00,
-7.57867157375914035633e-01,
1.59908181005423566390e+00,
9.99999997952154329184e-01,
-2.00000000407813072201e+00,
1.00000000000000000000e+00,
-8.10236696479646023583e-01,
1.71742882212073522119e+00,
1.00012663361769194026e+00,
2.00012662560072618234e+00,
1.00000000000000000000e+00,
-8.78904341047524684249e-01,
1.63790141910510511636e+00,
9.99873382416350819923e-01,
1.99987337439927270744e+00,
1.00000000000000000000e+00,
-9.32707240832567174849e-01,
1.86376749183206280591e+00,
1.00000000204784345037e+00,
-1.99999999592186616937e+00,
1.00000000000000000000e+00,
-3.41928258395882367360e-01,
1.16214396182052048800e+00,
9.99883597873991503135e-01,
-2.00034753364376571838e+00,
1.00000000000000000000e+00,
-4.12693953219297693380e-01,
1.22342885126600275925e+00,
1.03092896452589899425e+00,
-2.03045971004799152837e+00,
1.00000000000000000000e+00,
-5.65208401754019540419e-01,
1.35551023813718551914e+00,
1.00011645307322738496e+00,
-1.99965252500323087403e+00,
1.00000000000000000000e+00,
-8.22248478743535793356e-01,
1.57811347459895578993e+00,
9.69998901008716551964e-01,
-1.96954023130501609806e+00,
1.00000000000000000000e+00,
-9.38114033620796927693e-01,
1.93709070559849760862e+00,
9.99883597874392515692e-01,
2.00034753364417516863e+00,
1.00000000000000000000e+00,
-9.46576907469451445110e-01,
1.94551921598826216275e+00,
1.03092896452548732356e+00,
2.03045971004757896949e+00,
1.00000000000000000000e+00,
-9.64454850355281223528e-01,
1.96340320782439525793e+00,
1.00011645307311214381e+00,
1.99965252500312118400e+00,
1.00000000000000000000e+00,
-9.87308174089229328985e-01,
1.98624524687634229636e+00,
9.69998901008819469638e-01,
1.96954023130512112516e+00,
1.00000000000000000000e+00,
-9.66031849407051335099e-01,
1.96323497946531633218e+00,
1.00000000671841871025e+00,
2.00000000971964420060e+00,
1.00000000000000000000e+00,
-9.74546959618735164632e-01,
1.97295718679190112965e+00,
9.99999993281582622018e-01,
1.99999999028035624349e+00,
1.00000000000000000000e+00,
-9.83685443138117898698e-01,
1.97962724173866644328e+00,
1.00008046636980929556e+00,
-2.00008046312899923080e+00,
1.00000000000000000000e+00,
-9.91309319482386208655e-01,
1.99019306538397611206e+00,
9.99919540104511450629e-01,
-1.99991953687100565418e+00,
1.00000000000000000000e+00,
-7.81399083238655256523e-01,
1.74943442008000582533e+00,
9.99999997952154329184e-01,
-2.00000000407813072201e+00,
1.00000000000000000000e+00,
-8.88702588893431788541e-01,
1.82805074675475243140e+00,
1.00012663361769194026e+00,
2.00012662560072618234e+00,
1.00000000000000000000e+00,
-8.88880877287696602451e-01,
1.88114558533702247445e+00,
9.99873382416350819923e-01,
1.99987337439927270744e+00,
1.00000000000000000000e+00,
-9.68892672405799459945e-01,
1.96441550293922095882e+00,
1.00000000204784345037e+00,
-1.99999999592186616937e+00,
1.00000000000000000000e+00,
-7.57867157375914035633e-01,
1.59908181005423566390e+00,
9.99999997952154329184e-01,
-2.00000000407813072201e+00,
1.00000000000000000000e+00,
-8.10236696479646023583e-01,
1.71742882212073522119e+00,
1.00012663361769194026e+00,
2.00012662560072618234e+00,
1.00000000000000000000e+00,
-8.78904341047524684249e-01,
1.63790141910510511636e+00,
9.99873382416350819923e-01,
1.99987337439927270744e+00,
1.00000000000000000000e+00,
-9.32707240832567174849e-01,
1.86376749183206280591e+00,
1.00000000204784345037e+00,
-1.99999999592186616937e+00,
1.00000000000000000000e+00,
-3.41928258395882367360e-01,
1.16214396182052048800e+00,
9.99883597873991503135e-01,
-2.00034753364376571838e+00,
1.00000000000000000000e+00,
-4.12693953219297693380e-01,
1.22342885126600275925e+00,
1.03092896452589899425e+00,
-2.03045971004799152837e+00,
1.00000000000000000000e+00,
-5.65208401754019540419e-01,
1.35551023813718551914e+00,
1.00011645307322738496e+00,
-1.99965252500323087403e+00,
1.00000000000000000000e+00,
-8.22248478743535793356e-01,
1.57811347459895578993e+00,
9.69998901008716551964e-01,
-1.96954023130501609806e+00,
1.00000000000000000000e+00,
-9.38114033620796927693e-01,
1.93709070559849760862e+00,
9.99883597874392515692e-01,
2.00034753364417516863e+00,
1.00000000000000000000e+00,
-9.46576907469451445110e-01,
1.94551921598826216275e+00,
1.03092896452548732356e+00,
2.03045971004757896949e+00,
1.00000000000000000000e+00,
-9.64454850355281223528e-01,
1.96340320782439525793e+00,
1.00011645307311214381e+00,
1.99965252500312118400e+00,
1.00000000000000000000e+00,
-9.87308174089229328985e-01,
1.98624524687634229636e+00,
9.69998901008819469638e-01,
1.96954023130512112516e+00,
1.00000000000000000000e+00,
-9.66031849407051335099e-01,
1.96323497946531633218e+00,
1.00000000671841871025e+00,
2.00000000971964420060e+00,
1.00000000000000000000e+00,
-9.74546959618735164632e-01,
1.97295718679190112965e+00,
9.99999993281582622018e-01,
1.99999999028035624349e+00,
1.00000000000000000000e+00,
-9.83685443138117898698e-01,
1.97962724173866644328e+00,
1.00008046636980929556e+00,
-2.00008046312899923080e+00,
1.00000000000000000000e+00,
-9.91309319482386208655e-01,
1.99019306538397611206e+00,
9.99919540104511450629e-01,
-1.99991953687100565418e+00,
1.00000000000000000000e+00,
-7.81399083238655256523e-01,
1.74943442008000582533e+00,
9.99999997952154329184e-01,
-2.00000000407813072201e+00,
1.00000000000000000000e+00,
-8.88702588893431788541e-01,
1.82805074675475243140e+00,
1.00012663361769194026e+00,
2.00012662560072618234e+00,
1.00000000000000000000e+00,
-8.88880877287696602451e-01,
1.88114558533702247445e+00,
9.99873382416350819923e-01,
1.99987337439927270744e+00,
1.00000000000000000000e+00,
-9.68892672405799459945e-01,
1.96441550293922095882e+00,
1.00000000204784345037e+00,
-1.99999999592186616937e+00,
1.00000000000000000000e+00,
-7.57867157375914035633e-01,
1.59908181005423566390e+00,
9.99999997952154329184e-01,
-2.00000000407813072201e+00,
1.00000000000000000000e+00,
-8.10236696479646023583e-01,
1.71742882212073522119e+00,
1.00012663361769194026e+00,
2.00012662560072618234e+00,
1.00000000000000000000e+00,
-8.78904341047524684249e-01,
1.63790141910510511636e+00,
9.99873382416350819923e-01,
1.99987337439927270744e+00,
1.00000000000000000000e+00,
-9.32707240832567174849e-01,
1.86376749183206280591e+00,
1.00000000204784345037e+00,
-1.99999999592186616937e+00,
1.00000000000000000000e+00,
-3.41928258395882367360e-01,
1.16214396182052048800e+00,
9.99883597873991503135e-01,
-2.00034753364376571838e+00,
1.00000000000000000000e+00,
-4.12693953219297693380e-01,
1.22342885126600275925e+00,
1.03092896452589899425e+00,
-2.03045971004799152837e+00,
1.00000000000000000000e+00,
-5.65208401754019540419e-01,
1.35551023813718551914e+00,
1.00011645307322738496e+00,
-1.99965252500323087403e+00,
1.00000000000000000000e+00,
-8.22248478743535793356e-01,
1.57811347459895578993e+00,
9.69998901008716551964e-01,
-1.96954023130501609806e+00,
1.00000000000000000000e+00,
-9.38114033620796927693e-01,
1.93709070559849760862e+00,
9.99883597874392515692e-01,
2.00034753364417516863e+00,
1.00000000000000000000e+00,
-9.46576907469451445110e-01,
1.94551921598826216275e+00,
1.03092896452548732356e+00,
2.03045971004757896949e+00,
1.00000000000000000000e+00,
-9.64454850355281223528e-01,
1.96340320782439525793e+00,
1.00011645307311214381e+00,
1.99965252500312118400e+00,
1.00000000000000000000e+00,
-9.87308174089229328985e-01,
1.98624524687634229636e+00,
9.69998901008819469638e-01,
1.96954023130512112516e+00,
1.00000000000000000000e+00,
-9.66031849407051335099e-01,
1.96323497946531633218e+00,
1.00000000671841871025e+00,
2.00000000971964420060e+00,
1.00000000000000000000e+00,
-9.74546959618735164632e-01,
1.97295718679190112965e+00,
9.99999993281582622018e-01,
1.99999999028035624349e+00,
1.00000000000000000000e+00,
-9.83685443138117898698e-01,
1.97962724173866644328e+00,
1.00008046636980929556e+00,
-2.00008046312899923080e+00,
1.00000000000000000000e+00,
-9.91309319482386208655e-01,
1.99019306538397611206e+00,
9.99919540104511450629e-01,
-1.99991953687100565418e+00,
1.00000000000000000000e+00,
-7.81399083238655256523e-01,
1.74943442008000582533e+00,
9.99999997952154329184e-01,
-2.00000000407813072201e+00,
1.00000000000000000000e+00,
-8.88702588893431788541e-01,
1.82805074675475243140e+00,
1.00012663361769194026e+00,
2.00012662560072618234e+00,
1.00000000000000000000e+00,
-8.88880877287696602451e-01,
1.88114558533702247445e+00,
9.99873382416350819923e-01,
1.99987337439927270744e+00,
1.00000000000000000000e+00,
-9.68892672405799459945e-01,
1.96441550293922095882e+00,
1.00000000204784345037e+00,
-1.99999999592186616937e+00,
1.00000000000000000000e+00,
-7.57867157375914035633e-01,
1.59908181005423566390e+00,
9.99999997952154329184e-01,
-2.00000000407813072201e+00,
1.00000000000000000000e+00,
-8.10236696479646023583e-01,
1.71742882212073522119e+00,
1.00012663361769194026e+00,
2.00012662560072618234e+00,
1.00000000000000000000e+00,
-8.78904341047524684249e-01,
1.63790141910510511636e+00,
9.99873382416350819923e-01,
1.99987337439927270744e+00,
1.00000000000000000000e+00,
-9.32707240832567174849e-01,
1.86376749183206280591e+00,
1.00000000204784345037e+00,
-1.99999999592186616937e+00,
1.00000000000000000000e+00,
-3.41928258395882367360e-01,
1.16214396182052048800e+00,
9.99883597873991503135e-01,
-2.00034753364376571838e+00,
1.00000000000000000000e+00,
-4.12693953219297693380e-01,
1.22342885126600275925e+00,
1.03092896452589899425e+00,
-2.03045971004799152837e+00,
1.00000000000000000000e+00,
-5.65208401754019540419e-01,
1.35551023813718551914e+00,
1.00011645307322738496e+00,
-1.99965252500323087403e+00,
1.00000000000000000000e+00,
-8.22248478743535793356e-01,
1.57811347459895578993e+00,
9.69998901008716551964e-01,
-1.96954023130501609806e+00,
1.00000000000000000000e+00,
-9.38114033620796927693e-01,
1.93709070559849760862e+00,
9.99883597874392515692e-01,
2.00034753364417516863e+00,
1.00000000000000000000e+00,
-9.46576907469451445110e-01,
1.94551921598826216275e+00,
1.03092896452548732356e+00,
2.03045971004757896949e+00,
1.00000000000000000000e+00,
-9.64454850355281223528e-01,
1.96340320782439525793e+00,
1.00011645307311214381e+00,
1.99965252500312118400e+00,
1.00000000000000000000e+00,
-9.87308174089229328985e-01,
1.98624524687634229636e+00,
9.69998901008819469638e-01,
1.96954023130512112516e+00,
1.00000000000000000000e+00,
-9.66031849407051335099e-01,
1.96323497946531633218e+00,
1.00000000671841871025e+00,
2.00000000971964420060e+00,
1.00000000000000000000e+00,
-9.74546959618735164632e-01,
1.97295718679190112965e+00,
9.99999993281582622018e-01,
1.99999999028035624349e+00,
1.00000000000000000000e+00,
-9.83685443138117898698e-01,
1.97962724173866644328e+00,
1.00008046636980929556e+00,
-2.00008046312899923080e+00,
1.00000000000000000000e+00,
-9.91309319482386208655e-01,
1.99019306538397611206e+00,
9.99919540104511450629e-01,
-1.99991953687100565418e+00,
1.00000000000000000000e+00,
-7.81399083238655256523e-01,
1.74943442008000582533e+00,
9.99999997952154329184e-01,
-2.00000000407813072201e+00,
1.00000000000000000000e+00,
-8.88702588893431788541e-01,
1.82805074675475243140e+00,
1.00012663361769194026e+00,
2.00012662560072618234e+00,
1.00000000000000000000e+00,
-8.88880877287696602451e-01,
1.88114558533702247445e+00,
9.99873382416350819923e-01,
1.99987337439927270744e+00,
1.00000000000000000000e+00,
-9.68892672405799459945e-01,
1.96441550293922095882e+00,
1.00000000204784345037e+00,
-1.99999999592186616937e+00,
1.00000000000000000000e+00,
-7.57867157375914035633e-01,
1.59908181005423566390e+00,
9.99999997952154329184e-01,
-2.00000000407813072201e+00,
1.00000000000000000000e+00,
-8.10236696479646023583e-01,
1.71742882212073522119e+00,
1.00012663361769194026e+00,
2.00012662560072618234e+00,
1.00000000000000000000e+00,
-8.78904341047524684249e-01,
1.63790141910510511636e+00,
9.99873382416350819923e-01,
1.99987337439927270744e+00,
1.00000000000000000000e+00,
-9.32707240832567174849e-01,
1.86376749183206280591e+00,
1.00000000204784345037e+00,
-1.99999999592186616937e+00,
1.00000000000000000000e+00,
-3.41928258395882367360e-01,
1.16214396182052048800e+00,
9.99883597873991503135e-01,
-2.00034753364376571838e+00,
1.00000000000000000000e+00,
-4.12693953219297693380e-01,
1.22342885126600275925e+00,
1.03092896452589899425e+00,
-2.03045971004799152837e+00,
1.00000000000000000000e+00,
-5.65208401754019540419e-01,
1.35551023813718551914e+00,
1.00011645307322738496e+00,
-1.99965252500323087403e+00,
1.00000000000000000000e+00,
-8.22248478743535793356e-01,
1.57811347459895578993e+00,
9.69998901008716551964e-01,
-1.96954023130501609806e+00,
1.00000000000000000000e+00,
-9.38114033620796927693e-01,
1.93709070559849760862e+00,
9.99883597874392515692e-01,
2.00034753364417516863e+00,
1.00000000000000000000e+00,
-9.46576907469451445110e-01,
1.94551921598826216275e+00,
1.03092896452548732356e+00,
2.03045971004757896949e+00,
1.00000000000000000000e+00,
-9.64454850355281223528e-01,
1.96340320782439525793e+00,
1.00011645307311214381e+00,
1.99965252500312118400e+00,
1.00000000000000000000e+00,
-9.87308174089229328985e-01,
1.98624524687634229636e+00,
9.69998901008819469638e-01,
1.96954023130512112516e+00,
1.00000000000000000000e+00,
-9.66031849407051335099e-01,
1.96323497946531633218e+00,
1.00000000671841871025e+00,
2.00000000971964420060e+00,
1.00000000000000000000e+00,
-9.74546959618735164632e-01,
1.97295718679190112965e+00,
9.99999993281582622018e-01,
1.99999999028035624349e+00,
1.00000000000000000000e+00,
-9.83685443138117898698e-01,
1.97962724173866644328e+00,
1.00008046636980929556e+00,
-2.00008046312899923080e+00,
1.00000000000000000000e+00,
-9.91309319482386208655e-01,
1.99019306538397611206e+00,
9.99919540104511450629e-01,
-1.99991953687100565418e+00,
1.00000000000000000000e+00,
-7.81399083238655256523e-01,
1.74943442008000582533e+00,
9.99999997952154329184e-01,
-2.00000000407813072201e+00,
1.00000000000000000000e+00,
-8.88702588893431788541e-01,
1.82805074675475243140e+00,
1.00012663361769194026e+00,
2.00012662560072618234e+00,
1.00000000000000000000e+00,
-8.88880877287696602451e-01,
1.88114558533702247445e+00,
9.99873382416350819923e-01,
1.99987337439927270744e+00,
1.00000000000000000000e+00,
-9.68892672405799459945e-01,
1.96441550293922095882e+00,
1.00000000204784345037e+00,
-1.99999999592186616937e+00,
1.00000000000000000000e+00,
-7.57867157375914035633e-01,
1.59908181005423566390e+00,
9.99999997952154329184e-01,
-2.00000000407813072201e+00,
1.00000000000000000000e+00,
-8.10236696479646023583e-01,
1.71742882212073522119e+00,
1.00012663361769194026e+00,
2.00012662560072618234e+00,
1.00000000000000000000e+00,
-8.78904341047524684249e-01,
1.63790141910510511636e+00,
9.99873382416350819923e-01,
1.99987337439927270744e+00,
1.00000000000000000000e+00,
-9.32707240832567174849e-01,
1.86376749183206280591e+00,
1.00000000204784345037e+00,
-1.99999999592186616937e+00,
1.00000000000000000000e+00,
-3.41928258395882367360e-01,
1.16214396182052048800e+00,
9.99883597873991503135e-01,
-2.00034753364376571838e+00,
1.00000000000000000000e+00,
-4.12693953219297693380e-01,
1.22342885126600275925e+00,
1.03092896452589899425e+00,
-2.03045971004799152837e+00,
1.00000000000000000000e+00,
-5.65208401754019540419e-01,
1.35551023813718551914e+00,
1.00011645307322738496e+00,
-1.99965252500323087403e+00,
1.00000000000000000000e+00,
-8.22248478743535793356e-01,
1.57811347459895578993e+00,
9.69998901008716551964e-01,
-1.96954023130501609806e+00,
1.00000000000000000000e+00,
-9.38114033620796927693e-01,
1.93709070559849760862e+00,
9.99883597874392515692e-01,
2.00034753364417516863e+00,
1.00000000000000000000e+00,
-9.46576907469451445110e-01,
1.94551921598826216275e+00,
1.03092896452548732356e+00,
2.03045971004757896949e+00,
1.00000000000000000000e+00,
-9.64454850355281223528e-01,
1.96340320782439525793e+00,
1.00011645307311214381e+00,
1.99965252500312118400e+00,
1.00000000000000000000e+00,
-9.87308174089229328985e-01,
1.98624524687634229636e+00,
9.69998901008819469638e-01,
1.96954023130512112516e+00,
1.00000000000000000000e+00,
-9.66031849407051335099e-01,
1.96323497946531633218e+00,
1.00000000671841871025e+00,
2.00000000971964420060e+00,
1.00000000000000000000e+00,
-9.74546959618735164632e-01,
1.97295718679190112965e+00,
9.99999993281582622018e-01,
1.99999999028035624349e+00,
1.00000000000000000000e+00,
-9.83685443138117898698e-01,
1.97962724173866644328e+00,
1.00008046636980929556e+00,
-2.00008046312899923080e+00,
1.00000000000000000000e+00,
-9.91309319482386208655e-01,
1.99019306538397611206e+00,
9.99919540104511450629e-01,
-1.99991953687100565418e+00,
1.00000000000000000000e+00,
-7.81399083238655256523e-01,
1.74943442008000582533e+00,
9.99999997952154329184e-01,
-2.00000000407813072201e+00,
1.00000000000000000000e+00,
-8.88702588893431788541e-01,
1.82805074675475243140e+00,
1.00012663361769194026e+00,
2.00012662560072618234e+00,
1.00000000000000000000e+00,
-8.88880877287696602451e-01,
1.88114558533702247445e+00,
9.99873382416350819923e-01,
1.99987337439927270744e+00,
1.00000000000000000000e+00,
-9.68892672405799459945e-01,
1.96441550293922095882e+00,
1.00000000204784345037e+00,
-1.99999999592186616937e+00,
1.00000000000000000000e+00,
-7.57867157375914035633e-01,
1.59908181005423566390e+00,
9.99999997952154329184e-01,
-2.00000000407813072201e+00,
1.00000000000000000000e+00,
-8.10236696479646023583e-01,
1.71742882212073522119e+00,
1.00012663361769194026e+00,
2.00012662560072618234e+00,
1.00000000000000000000e+00,
-8.78904341047524684249e-01,
1.63790141910510511636e+00,
9.99873382416350819923e-01,
1.99987337439927270744e+00,
1.00000000000000000000e+00,
-9.32707240832567174849e-01,
1.86376749183206280591e+00,
1.00000000204784345037e+00,
-1.99999999592186616937e+00,
1.00000000000000000000e+00,
-3.41928258395882367360e-01,
1.16214396182052048800e+00,
9.99883597873991503135e-01,
-2.00034753364376571838e+00,
1.00000000000000000000e+00,
-4.12693953219297693380e-01,
1.22342885126600275925e+00,
1.03092896452589899425e+00,
-2.03045971004799152837e+00,
1.00000000000000000000e+00,
-5.65208401754019540419e-01,
1.35551023813718551914e+00,
1.00011645307322738496e+00,
-1.99965252500323087403e+00,
1.00000000000000000000e+00,
-8.22248478743535793356e-01,
1.57811347459895578993e+00,
9.69998901008716551964e-01,
-1.96954023130501609806e+00,
1.00000000000000000000e+00,
-9.38114033620796927693e-01,
1.93709070559849760862e+00,
9.99883597874392515692e-01,
2.00034753364417516863e+00,
1.00000000000000000000e+00,
-9.46576907469451445110e-01,
1.94551921598826216275e+00,
1.03092896452548732356e+00,
2.03045971004757896949e+00,
1.00000000000000000000e+00,
-9.64454850355281223528e-01,
1.96340320782439525793e+00,
1.00011645307311214381e+00,
1.99965252500312118400e+00,
1.00000000000000000000e+00,
-9.87308174089229328985e-01,
1.98624524687634229636e+00,
9.69998901008819469638e-01,
1.96954023130512112516e+00,
1.00000000000000000000e+00,
-9.66031849407051335099e-01,
1.96323497946531633218e+00,
1.00000000671841871025e+00,
2.00000000971964420060e+00,
1.00000000000000000000e+00,
-9.74546959618735164632e-01,
1.97295718679190112965e+00,
9.99999993281582622018e-01,
1.99999999028035624349e+00,
1.00000000000000000000e+00,
-9.83685443138117898698e-01,
1.97962724173866644328e+00,
1.00008046636980929556e+00,
-2.00008046312899923080e+00,
1.00000000000000000000e+00,
-9.91309319482386208655e-01,
1.99019306538397611206e+00,
9.99919540104511450629e-01,
-1.99991953687100565418e+00,
1.00000000000000000000e+00,
-7.81399083238655256523e-01,
1.74943442008000582533e+00,
9.99999997952154329184e-01,
-2.00000000407813072201e+00,
1.00000000000000000000e+00,
-8.88702588893431788541e-01,
1.82805074675475243140e+00,
1.00012663361769194026e+00,
2.00012662560072618234e+00,
1.00000000000000000000e+00,
-8.88880877287696602451e-01,
1.88114558533702247445e+00,
9.99873382416350819923e-01,
1.99987337439927270744e+00,
1.00000000000000000000e+00,
-9.68892672405799459945e-01,
1.96441550293922095882e+00,
1.00000000204784345037e+00,
-1.99999999592186616937e+00,
1.00000000000000000000e+00,
-7.57867157375914035633e-01,
1.59908181005423566390e+00,
9.99999997952154329184e-01,
-2.00000000407813072201e+00,
1.00000000000000000000e+00,
-8.10236696479646023583e-01,
1.71742882212073522119e+00,
1.00012663361769194026e+00,
2.00012662560072618234e+00,
1.00000000000000000000e+00,
-8.78904341047524684249e-01,
1.63790141910510511636e+00,
9.99873382416350819923e-01,
1.99987337439927270744e+00,
1.00000000000000000000e+00,
-9.32707240832567174849e-01,
1.86376749183206280591e+00,
1.00000000204784345037e+00,
-1.99999999592186616937e+00,
1.00000000000000000000e+00,
-3.41928258395882367360e-01,
1.16214396182052048800e+00,
9.99883597873991503135e-01,
-2.00034753364376571838e+00,
1.00000000000000000000e+00,
-4.12693953219297693380e-01,
1.22342885126600275925e+00,
1.03092896452589899425e+00,
-2.03045971004799152837e+00,
1.00000000000000000000e+00,
-5.65208401754019540419e-01,
1.35551023813718551914e+00,
1.00011645307322738496e+00,
-1.99965252500323087403e+00,
1.00000000000000000000e+00,
-8.22248478743535793356e-01,
1.57811347459895578993e+00,
9.69998901008716551964e-01,
-1.96954023130501609806e+00,
1.00000000000000000000e+00,
-9.38114033620796927693e-01,
1.93709070559849760862e+00,
9.99883597874392515692e-01,
2.00034753364417516863e+00,
1.00000000000000000000e+00,
-9.46576907469451445110e-01,
1.94551921598826216275e+00,
1.03092896452548732356e+00,
2.03045971004757896949e+00,
1.00000000000000000000e+00,
-9.64454850355281223528e-01,
1.96340320782439525793e+00,
1.00011645307311214381e+00,
1.99965252500312118400e+00,
1.00000000000000000000e+00,
-9.87308174089229328985e-01,
1.98624524687634229636e+00,
9.69998901008819469638e-01,
1.96954023130512112516e+00,
1.00000000000000000000e+00,
-9.66031849407051335099e-01,
1.96323497946531633218e+00,
1.00000000671841871025e+00,
2.00000000971964420060e+00,
1.00000000000000000000e+00,
-9.74546959618735164632e-01,
1.97295718679190112965e+00,
9.99999993281582622018e-01,
1.99999999028035624349e+00,
1.00000000000000000000e+00,
-9.83685443138117898698e-01,
1.97962724173866644328e+00,
1.00008046636980929556e+00,
-2.00008046312899923080e+00,
1.00000000000000000000e+00,
-9.91309319482386208655e-01,
1.99019306538397611206e+00,
9.99919540104511450629e-01,
-1.99991953687100565418e+00,
1.00000000000000000000e+00,
-7.81399083238655256523e-01,
1.74943442008000582533e+00,
9.99999997952154329184e-01,
-2.00000000407813072201e+00,
1.00000000000000000000e+00,
-8.88702588893431788541e-01,
1.82805074675475243140e+00,
1.00012663361769194026e+00,
2.00012662560072618234e+00,
1.00000000000000000000e+00,
-8.88880877287696602451e-01,
1.88114558533702247445e+00,
9.99873382416350819923e-01,
1.99987337439927270744e+00,
1.00000000000000000000e+00,
-9.68892672405799459945e-01,
1.96441550293922095882e+00,
1.00000000204784345037e+00,
-1.99999999592186616937e+00,
1.00000000000000000000e+00,
-7.57867157375914035633e-01,
1.59908181005423566390e+00,
9.99999997952154329184e-01,
-2.00000000407813072201e+00,
1.00000000000000000000e+00,
-8.10236696479646023583e-01,
1.71742882212073522119e+00,
1.00012663361769194026e+00,
2.00012662560072618234e+00,
1.00000000000000000000e+00,
-8.78904341047524684249e-01,
1.63790141910510511636e+00,
9.99873382416350819923e-01,
1.99987337439927270744e+00,
1.00000000000000000000e+00,
-9.32707240832567174849e-01,
1.86376749183206280591e+00,
1.00000000204784345037e+00,
-1.99999999592186616937e+00,
1.00000000000000000000e+00,
-3.41928258395882367360e-01,
1.16214396182052048800e+00,
9.99883597873991503135e-01,
-2.00034753364376571838e+00,
1.00000000000000000000e+00,
-4.12693953219297693380e-01,
1.22342885126600275925e+00,
1.03092896452589899425e+00,
-2.03045971004799152837e+00,
1.00000000000000000000e+00,
-5.65208401754019540419e-01,
1.35551023813718551914e+00,
1.00011645307322738496e+00,
-1.99965252500323087403e+00,
1.00000000000000000000e+00,
-8.22248478743535793356e-01,
1.57811347459895578993e+00,
9.69998901008716551964e-01,
-1.96954023130501609806e+00,
1.00000000000000000000e+00,
-9.38114033620796927693e-01,
1.93709070559849760862e+00,
9.99883597874392515692e-01,
2.00034753364417516863e+00,
1.00000000000000000000e+00,
-9.46576907469451445110e-01,
1.94551921598826216275e+00,
1.03092896452548732356e+00,
2.03045971004757896949e+00,
1.00000000000000000000e+00,
-9.64454850355281223528e-01,
1.96340320782439525793e+00,
1.00011645307311214381e+00,
1.99965252500312118400e+00,
1.00000000000000000000e+00,
-9.87308174089229328985e-01,
1.98624524687634229636e+00,
9.69998901008819469638e-01,
1.96954023130512112516e+00,
1.00000000000000000000e+00,
-9.66031849407051335099e-01,
1.96323497946531633218e+00,
1.00000000671841871025e+00,
2.00000000971964420060e+00,
1.00000000000000000000e+00,
-9.74546959618735164632e-01,
1.97295718679190112965e+00,
9.99999993281582622018e-01,
1.99999999028035624349e+00,
1.00000000000000000000e+00,
-9.83685443138117898698e-01,
1.97962724173866644328e+00,
1.00008046636980929556e+00,
-2.00008046312899923080e+00,
1.00000000000000000000e+00,
-9.91309319482386208655e-01,
1.99019306538397611206e+00,
9.99919540104511450629e-01,
-1.99991953687100565418e+00,
1.00000000000000000000e+00,
-7.81399083238655256523e-01,
1.74943442008000582533e+00,
9.99999997952154329184e-01,
-2.00000000407813072201e+00,
1.00000000000000000000e+00,
-8.88702588893431788541e-01,
1.82805074675475243140e+00,
1.00012663361769194026e+00,
2.00012662560072618234e+00,
1.00000000000000000000e+00,
-8.88880877287696602451e-01,
1.88114558533702247445e+00,
9.99873382416350819923e-01,
1.99987337439927270744e+00,
1.00000000000000000000e+00,
-9.68892672405799459945e-01,
1.96441550293922095882e+00,
1.00000000204784345037e+00,
-1.99999999592186616937e+00,
1.00000000000000000000e+00,
-7.57867157375914035633e-01,
1.59908181005423566390e+00,
9.99999997952154329184e-01,
-2.00000000407813072201e+00,
1.00000000000000000000e+00,
-8.10236696479646023583e-01,
1.71742882212073522119e+00,
1.00012663361769194026e+00,
2.00012662560072618234e+00,
1.00000000000000000000e+00,
-8.78904341047524684249e-01,
1.63790141910510511636e+00,
9.99873382416350819923e-01,
1.99987337439927270744e+00,
1.00000000000000000000e+00,
-9.32707240832567174849e-01,
1.86376749183206280591e+00,
1.00000000204784345037e+00,
-1.99999999592186616937e+00,
1.00000000000000000000e+00,
-3.41928258395882367360e-01,
1.16214396182052048800e+00,
9.99883597873991503135e-01,
-2.00034753364376571838e+00,
1.00000000000000000000e+00,
-4.12693953219297693380e-01,
1.22342885126600275925e+00,
1.03092896452589899425e+00,
-2.03045971004799152837e+00,
1.00000000000000000000e+00,
-5.65208401754019540419e-01,
1.35551023813718551914e+00,
1.00011645307322738496e+00,
-1.99965252500323087403e+00,
1.00000000000000000000e+00,
-8.22248478743535793356e-01,
1.57811347459895578993e+00,
9.69998901008716551964e-01,
-1.96954023130501609806e+00,
1.00000000000000000000e+00,
-9.38114033620796927693e-01,
1.93709070559849760862e+00,
9.99883597874392515692e-01,
2.00034753364417516863e+00,
1.00000000000000000000e+00,
-9.46576907469451445110e-01,
1.94551921598826216275e+00,
1.03092896452548732356e+00,
2.03045971004757896949e+00,
1.00000000000000000000e+00,
-9.64454850355281223528e-01,
1.96340320782439525793e+00,
1.00011645307311214381e+00,
1.99965252500312118400e+00,
1.00000000000000000000e+00,
-9.87308174089229328985e-01,
1.98624524687634229636e+00,
9.69998901008819469638e-01,
1.96954023130512112516e+00,
1.00000000000000000000e+00,
-9.66031849407051335099e-01,
1.96323497946531633218e+00,
1.00000000671841871025e+00,
2.00000000971964420060e+00,
1.00000000000000000000e+00,
-9.74546959618735164632e-01,
1.97295718679190112965e+00,
9.99999993281582622018e-01,
1.99999999028035624349e+00,
1.00000000000000000000e+00,
-9.83685443138117898698e-01,
1.97962724173866644328e+00,
1.00008046636980929556e+00,
-2.00008046312899923080e+00,
1.00000000000000000000e+00,
-9.91309319482386208655e-01,
1.99019306538397611206e+00,
9.99919540104511450629e-01,
-1.99991953687100565418e+00,
1.00000000000000000000e+00,
-7.81399083238655256523e-01,
1.74943442008000582533e+00,
9.99999997952154329184e-01,
-2.00000000407813072201e+00,
1.00000000000000000000e+00,
-8.88702588893431788541e-01,
1.82805074675475243140e+00,
1.00012663361769194026e+00,
2.00012662560072618234e+00,
1.00000000000000000000e+00,
-8.88880877287696602451e-01,
1.88114558533702247445e+00,
9.99873382416350819923e-01,
1.99987337439927270744e+00,
1.00000000000000000000e+00,
-9.68892672405799459945e-01,
1.96441550293922095882e+00,
1.00000000204784345037e+00,
-1.99999999592186616937e+00,
1.00000000000000000000e+00,
-7.57867157375914035633e-01,
1.59908181005423566390e+00,
9.99999997952154329184e-01,
-2.00000000407813072201e+00,
1.00000000000000000000e+00,
-8.10236696479646023583e-01,
1.71742882212073522119e+00,
1.00012663361769194026e+00,
2.00012662560072618234e+00,
1.00000000000000000000e+00,
-8.78904341047524684249e-01,
1.63790141910510511636e+00,
9.99873382416350819923e-01,
1.99987337439927270744e+00,
1.00000000000000000000e+00,
-9.32707240832567174849e-01,
1.86376749183206280591e+00,
1.00000000204784345037e+00,
-1.99999999592186616937e+00,
1.00000000000000000000e+00,
-3.41928258395882367360e-01,
1.16214396182052048800e+00,
9.99883597873991503135e-01,
-2.00034753364376571838e+00,
1.00000000000000000000e+00,
-4.12693953219297693380e-01,
1.22342885126600275925e+00,
1.03092896452589899425e+00,
-2.03045971004799152837e+00,
1.00000000000000000000e+00,
-5.65208401754019540419e-01,
1.35551023813718551914e+00,
1.00011645307322738496e+00,
-1.99965252500323087403e+00,
1.00000000000000000000e+00,
-8.22248478743535793356e-01,
1.57811347459895578993e+00,
9.69998901008716551964e-01,
-1.96954023130501609806e+00,
1.00000000000000000000e+00,
-9.38114033620796927693e-01,
1.93709070559849760862e+00,
9.99883597874392515692e-01,
2.00034753364417516863e+00,
1.00000000000000000000e+00,
-9.46576907469451445110e-01,
1.94551921598826216275e+00,
1.03092896452548732356e+00,
2.03045971004757896949e+00,
1.00000000000000000000e+00,
-9.64454850355281223528e-01,
1.96340320782439525793e+00,
1.00011645307311214381e+00,
1.99965252500312118400e+00,
1.00000000000000000000e+00,
-9.87308174089229328985e-01,
1.98624524687634229636e+00,
9.69998901008819469638e-01,
1.96954023130512112516e+00,
1.00000000000000000000e+00,
-9.66031849407051335099e-01,
1.96323497946531633218e+00,
1.00000000671841871025e+00,
2.00000000971964420060e+00,
1.00000000000000000000e+00,
-9.74546959618735164632e-01,
1.97295718679190112965e+00,
9.99999993281582622018e-01,
1.99999999028035624349e+00,
1.00000000000000000000e+00,
-9.83685443138117898698e-01,
1.97962724173866644328e+00,
1.00008046636980929556e+00,
-2.00008046312899923080e+00,
1.00000000000000000000e+00,
-9.91309319482386208655e-01,
1.99019306538397611206e+00,
9.99919540104511450629e-01,
-1.99991953687100565418e+00,
1.00000000000000000000e+00,
-7.81399083238655256523e-01,
1.74943442008000582533e+00,
9.99999997952154329184e-01,
-2.00000000407813072201e+00,
1.00000000000000000000e+00,
-8.88702588893431788541e-01,
1.82805074675475243140e+00,
1.00012663361769194026e+00,
2.00012662560072618234e+00,
1.00000000000000000000e+00,
-8.88880877287696602451e-01,
1.88114558533702247445e+00,
9.99873382416350819923e-01,
1.99987337439927270744e+00,
1.00000000000000000000e+00,
-9.68892672405799459945e-01,
1.96441550293922095882e+00,
1.00000000204784345037e+00,
-1.99999999592186616937e+00,
1.00000000000000000000e+00,
-7.57867157375914035633e-01,
1.59908181005423566390e+00,
9.99999997952154329184e-01,
-2.00000000407813072201e+00,
1.00000000000000000000e+00,
-8.10236696479646023583e-01,
1.71742882212073522119e+00,
1.00012663361769194026e+00,
2.00012662560072618234e+00,
1.00000000000000000000e+00,
-8.78904341047524684249e-01,
1.63790141910510511636e+00,
9.99873382416350819923e-01,
1.99987337439927270744e+00,
1.00000000000000000000e+00,
-9.32707240832567174849e-01,
1.86376749183206280591e+00,
1.00000000204784345037e+00,
-1.99999999592186616937e+00,
1.00000000000000000000e+00,
-3.41928258395882367360e-01,
1.16214396182052048800e+00,
9.99883597873991503135e-01,
-2.00034753364376571838e+00,
1.00000000000000000000e+00,
-4.12693953219297693380e-01,
1.22342885126600275925e+00,
1.03092896452589899425e+00,
-2.03045971004799152837e+00,
1.00000000000000000000e+00,
-5.65208401754019540419e-01,
1.35551023813718551914e+00,
1.00011645307322738496e+00,
-1.99965252500323087403e+00,
1.00000000000000000000e+00,
-8.22248478743535793356e-01,
1.57811347459895578993e+00,
9.69998901008716551964e-01,
-1.96954023130501609806e+00,
1.00000000000000000000e+00,
