-8.31418560987527754946e-001,
-8.96822625332968859091e-001,
-9.46880190089630313643e-001,
-9.80732401452305335710e-001,
-9.97803575544566001554e-001,
-9.97805804149419550697e-001,
-9.80737929494182147927e-001,
-9.46885330207073661057e-001,
-8.96821119045829284744e-001,
-8.31402806886788914298e-001,
-7.51757926124880460073e-001,
-6.59258245311727386628e-001,
-5.55489050945173201690e-001,
-4.42220793381174481773e-001,
-3.21384445973440957545e-001,
-1.95045189673981711476e-001,
-6.53682424943334977607e-002,
6.54234275411737370431e-002,
1.95093082691943392470e-001,
3.21428713769567220293e-001,
4.42274802612163286941e-001,
5.55562731756755745494e-001,
6.59345885497772288275e-001,
7.51839455432569025994e-001,
8.31458233276406111223e-001,
8.96844970934922658401e-001,
9.46887956594680835209e-001,
9.80733313970384545932e-001,
9.97798444576716958565e-001,
9.97787229641221684595e-001,
9.80701033418321155288e-001,
9.46838899046021809092e-001,
8.96786340721964836398e-001,
8.31398852004194166554e-001,
7.51786977449556581554e-001,
6.59303816014812249513e-001,
5.55529132152496885055e-001,
4.42243570740437186295e-001,
3.21392548717744641618e-001,
1.95046247469652794804e-001,
6.53630203072154553068e-002,
-6.54423114271398681518e-002,
-1.95130427369795994563e-001,
-3.21475613307385443829e-001,
-4.42309940914806021262e-001,
-5.55566836369329908329e-001,
-6.59316726849583090164e-001,
-7.51793542919580781714e-001,
-8.31417663324012790049e-001,
-8.96821688060679411691e-001,
-9.46879469692498254574e-001,
-9.80732101749464457718e-001,
-9.97803790210591512455e-001,
-9.97806488045478556792e-001,
-9.80738907444518637213e-001,
-9.46886341758610861064e-001,
-8.96821887805378303860e-001,
-8.31403115984671425842e-001,
-7.51757679215950047613e-001,
-6.59257496000598242070e-001,
-5.55487991787675605693e-001,
-4.42219706507289367359e-001,
-3.21383627963925888604e-001,
-1.95044870686328114529e-001,
-6.53685216770384242002e-002,
6.54226122658359554585e-002,
1.95091941405597851800e-001,
3.21427550524561400636e-001,
4.42273934456637818347e-001,
5.55562402375525343778e-001,
6.59346196977879772660e-001,
7.51840337217770215972e-001,
8.31459457614472374765e-001,
8.96846211605360821295e-001,
9.46888875800660501092e-001,
9.80733654257999076798e-001,
9.97798100782760655214e-001,
9.97786280803929837013e-001,
9.80699725104405839460e-001,
9.46837579890216995970e-001,
8.96785369552584921138e-001,
8.31398500288275332792e-001,
7.51787353566501503899e-001,
6.59304832442881516563e-001,
5.55530525367567196149e-001,
4.42244969447111890837e-001,
3.21393572771957181100e-001,
1.95046611144937903637e-001,
6.53626118654782178874e-002,
-6.54433959810855891970e-002,
-1.95131906412451761046e-001,
-3.21477092635985506330e-001,
-4.42311018783758003181e-001,
-5.55567212544172739364e-001,
-6.59316286088598380033e-001,
-7.51792389708235364587e-001,
-8.31416097526174846521e-001,
-8.96820127033495562152e-001,
-9.46878337070323095048e-001,
-9.80731712525606202924e-001,
-9.97804263277794256659e-001,
-9.97807710442031980946e-001,
-9.80740560926182225465e-001,
-9.46887985566564505113e-001,
-8.96823076127783114231e-001,
-8.31403518816239417433e-001,
-7.51757173863037531092e-001,
-6.59256203894736714233e-001,
-5.55486249692488054386e-001,
-4.42217978830825919623e-001,
-3.21382382985724246449e-001,
-1.95044453679059454076e-001,
-6.53690592876100678987e-002,
6.54212499303366418202e-002,
1.95090109766168195993e-001,
3.21425737886313400704e-001,
4.42272631858473097566e-001,
5.55561970615217171066e-001,
6.59346766810458007058e-001,
7.51841770299413347800e-001,
8.31461379729842908759e-001,
8.96848110304202084109e-001,
9.46890236991553280177e-001,
9.80734101358063936615e-001,
9.97797498771480051438e-001,
9.97784776463513156664e-001,
9.80697711580454267732e-001,
9.46835594026469329343e-001,
8.96783948787599038965e-001,
8.31398037252342625436e-001,
7.51787987705516025372e-001,
6.59306408550814460057e-001,
5.55532631233681684080e-001,
4.42247043585611843142e-001,
3.21395054101052901618e-001,
1.95047090722307026045e-001,
6.53619456574432711182e-002,
-6.54450443613427274014e-002,
-1.95134105555236830876e-001,
-3.21479256164631077564e-001,
-4.42312561675681281681e-001,
-5.55567709278087074054e-001,
-6.59315587878086417639e-001,
-7.51790668554893293241e-001,
-8.31413804171392767373e-001,
-8.96817872993847964302e-001,
-9.46876731608226385184e-001,
-9.80731198010555971223e-001,
-9.97804993416461338818e-001,
-9.97809504865242447025e-001,
-9.80742949429195376432e-001,
-9.46890331243636085290e-001,
-8.96824745176160176285e-001,
-8.31404051746633787623e-001,
-7.51756411878457986298e-001,
-6.59254335708980065967e-001,
-5.55483765104199056495e-001,
-4.42215540384399974361e-001,
-3.21380649326216960571e-001,
-1.95043901689479659556e-001,
-6.53698530279103601215e-002,
6.54193074934944496235e-002,
1.95087528154786610246e-001,
3.21423205533112987808e-001,
4.42270832554268966685e-001,
5.55561398912982062903e-001,
6.59347592208341382047e-001,
7.51843787471750735207e-001,
8.31464059302945646124e-001,
8.96850737707130085674e-001,
9.46892102982825001334e-001,
9.80734693436132398681e-001,
9.97796641822179086745e-001,
9.97782684075464887385e-001,
9.80694933106239896681e-001,
9.46832870425327488562e-001,
8.96782015058076420466e-001,
8.31397424125510431381e-001,
7.51788876091996960405e-001,
6.59308576630562415133e-001,
5.55535509549152872744e-001,
4.42249864538989956309e-001,
3.21397056628864030703e-001,
1.95047725580628217301e-001,
6.53610259561457351829e-002,
-6.54472886044936003058e-002,
-1.95137084652818232344e-001,
-3.21482175629777211512e-001,
-4.42314634070652246134e-001,
-5.55568366560417081779e-001,
-6.59314636992450742170e-001,
-7.51788347680885760127e-001,
-8.31410723350077152105e-001,
-8.96814853851792159745e-001,
-9.46874588268258654544e-001,
-9.80730517601759221868e-001,
-9.97805975347683671295e-001,
-9.97811902833162456261e-001,
-9.80746132916511359490e-001,
-9.46893451233246863374e-001,
-8.96826960547847717997e-001,
-8.31404755994231470240e-001,
-7.51755399048614214585e-001,
-6.59251860188439731125e-001,
-5.55480478007920441819e-001,
-4.42212318371022872210e-001,
-3.21378360827143938483e-001,
-1.95043172880800835811e-001,
-6.53708966011404130070e-002,
6.54167539659986502221e-002,
1.95084136505873417811e-001,
3.21419880314149308820e-001,
4.42268469823108745231e-001,
5.55560644810904613600e-001,
6.59348666361350810305e-001,
7.51846419456070891307e-001,
8.31467556448792000090e-001,
8.96854167319051320817e-001,
9.46894541059747574252e-001,
9.80735473573914662282e-001,
9.97795537261313314481e-001,
9.97779973188847368881e-001,
9.80691329518439958157e-001,
9.46829335227410640030e-001,
8.96779500512600691309e-001,
8.31396617199580134638e-001,
7.51790010880349024447e-001,
6.59311366860439673765e-001,
5.55539220524564170134e-001,
4.42253506521558592546e-001,
3.21399648774779944649e-001,
1.95048560057289294134e-001,
6.53598611291433123638e-002,
-6.54501586140825153404e-002,
-1.95140903962153861029e-001,
-3.21485925601309285859e-001,
-4.42317304958040224960e-001,
-5.55569229360582728106e-001,
-6.59313442324149012741e-001,
-7.51785397459693527367e-001,
-8.31406794759881773160e-001,
-8.96810994681354611835e-001,
-9.46871837489232870411e-001,
-9.80729625695133444552e-001,
-9.97807199651447040978e-001,
-9.97814933693347172472e-001,
-9.80750171735202402878e-001,
-9.46897420818274992982e-001,
-8.96829792377936141357e-001,
-8.31405677800585718451e-001,
-7.51754145323838107728e-001,
-6.59248748266477169189e-001,
-5.55476328012454945160e-001,
-4.42208237150003458105e-001,
-3.21375446777303230839e-001,
-1.95042220371123870004e-001,
-6.53721795238570851927e-002,
6.54135605640831369056e-002,
1.95079874384712137481e-001,
3.21415686230009434166e-001,
4.42265472375549806294e-001,
5.55559660783971231979e-001,
6.59349978250314827655e-001,
7.51849694751537955817e-001,
8.31471931645278661271e-001,
8.96858475499267226994e-001,
9.46897623092390117172e-001,
9.80736489942506839412e-001,
9.97794196646534126138e-001,
9.97776615590908355635e-001,
9.80686840296358330882e-001,
9.46824911712388139762e-001,
8.96776332698141054323e-001,
8.31395567654483080844e-001,
7.51791379971795348247e-001,
6.59314807165143790257e-001,
5.55543824723211954186e-001,
4.42258046615984834471e-001,
3.21402903577248877376e-001,
1.95049643624260388153e-001,
6.53584638189432659550e-002,
-6.54536820251755691036e-002,
-1.95145624089044567029e-001,
-3.21490583525623929706e-001,
-4.42320647964219215709e-001,
-5.55570347805377839912e-001,
-6.59312017061925659256e-001,
-7.51781790547259909374e-001,
-8.31401957752355591502e-001,
-8.96806217670726879554e-001,
-9.46868405054070549909e-001,
-9.80728471505914578543e-001,
-9.97808652590088884793e-001,
-9.97818624497347261837e-001,
-9.80755126576464242305e-001,
-9.46902318177574531255e-001,
-8.96833315476935122312e-001,
-8.31406868611475391440e-001,
-7.51752664993236119351e-001,
-6.59244973185359128820e-001,
-5.55471254383595680615e-001,
-4.42203218173652712331e-001,
-3.21371831769948823609e-001,
-1.95040992050587058682e-001,
-6.53736869530523873051e-002,
6.54097008249818201442e-002,
1.95074681013585077283e-001,
3.21410544362129901863e-001,
4.42261764205550855777e-001,
5.55558394054978199605e-001,
6.59351512475734202745e-001,
7.51853639524726169441e-001,
8.31477245714100199336e-001,
8.96863741539221548393e-001,
9.46901425689073761305e-001,
9.80737795989573890587e-001,
9.97792635936213589964e-001,
9.97772585412211032718e-001,
9.80681404573551240844e-001,
9.46819520213610044124e-001,
8.96772434400837870072e-001,
8.31394221368776942249e-001,
7.51792966846626220523e-001,
6.59318923116011701424e-001,
5.55549383057129975150e-001,
4.42263564866540836995e-001,
3.21406898859020517811e-001,
1.95051031080136855200e-001,
6.53568511090737297442e-002,
-6.54578841101304959027e-002,
-1.95151305992056184335e-001,
-3.21496229827150037384e-001,
-4.42324741524258102654e-001,
-5.55571777373939146294e-001,
-6.59310378855539669374e-001,
-7.51777501970984474156e-001,
-8.31396151321294962777e-001,
-8.96800442012649190460e-001,
-9.46864211911859654514e-001,
-9.80726998871024324700e-001,
-9.97810315945288350825e-001,
-9.97822999917414521498e-001,
-9.80761058495459359108e-001,
-9.46908224504157347567e-001,
-8.96837609515333311627e-001,
-8.31408385277468631180e-001,
-7.51750976846070617654e-001,
-6.59240510573727567234e-001,
-5.55465196015749063108e-001,
-4.42197179860104538918e-001,
-3.21367435511099475143e-001,
-1.95039430377466044275e-001,
-6.53753995260827058811e-002,
6.54051506787772241047e-002,
1.95068495234972355545e-001,
3.21404372736665111532e-001,
4.42257264391746951482e-001,
5.55556786387472523181e-001,
6.59353249099347227258e-001,
7.51858277543861031056e-001,
8.31483559866551202866e-001,
8.96870047808241310783e-001,
9.46906030402782650235e-001,
9.80739450650143118615e-001,
9.97790875646653141473e-001,
9.97767859186565075902e-001,
9.80674961083105589665e-001,
9.46813077962751936667e-001,
8.96767723431856622618e-001,
8.31392518705081351449e-001,
7.51794750408219192295e-001,
6.59323737877078541736e-001,
5.55555956850928067681e-001,
4.42270144444291912755e-001,
3.21411717449180456274e-001,
1.95052782768502630528e-001,
6.53550446786912708763e-002,
-6.54627877308717603944e-002,
-1.95158011055856561722e-001,
-3.21502948083762729592e-001,
-4.42329669112196954828e-001,
-5.55573579120140825793e-001,
-6.59308549969056301165e-001,
-7.51772509171050096199e-001,
-8.31389314019600034200e-001,
-8.96793583718324072152e-001,
-9.46859173938867426656e-001,
-9.80725146022243587929e-001,
-9.97812166865833849450e-001,
-9.97828082211469902241e-001,
-9.80768029004369545909e-001,
-9.46915224202150462851e-001,
-8.96842759271534228915e-001,
-8.31410290285337638672e-001,
-7.51749104323003569661e-001,
-6.59235338475301357875e-001,
-5.55458091328895564587e-001,
-4.42190037385384537849e-001,
-3.21362172562623060745e-001,
-1.95037472142231715910e-001,
-6.53772932106821552667e-002,
6.53998884703061444945e-002,
1.95061255397894567354e-001,
3.21397086104861506861e-001,
4.42251886830828111474e-001,
5.55554773844650129355e-001,
6.59355163494896645560e-001,
7.51863630163383089844e-001,
8.31490935827644772615e-001,
8.96877479984764969245e-001,
9.46911524007397309433e-001,
9.80741518592681549293e-001,
9.97788941000236184742e-001,
9.97762415859511642147e-001,
9.80667448022509047334e-001,
9.46805498846384208100e-001,
8.96762112341000561244e-001,
8.31390394258628817603e-001,
7.51796704835805740252e-001,
6.59329272203586502776e-001,
5.55563607988244667624e-001,
4.42277871903202335346e-001,
3.21417447480206008859e-001,
1.95054964835210509211e-001,
6.53530709492711608943e-002,
-6.54684133442206689368e-002,
-1.95165801248909170917e-001,
-3.21510825295568902771e-001,
-4.42335519548789246613e-001,
-5.55575819935631098900e-001,
-6.59306557426744932471e-001,
-7.51766791987898308491e-001,
-8.31381383789814187857e-001,
-8.96785555335383288700e-001,
-9.46853201619612616646e-001,
-9.80722845317047897673e-001,
-9.97814177722317730002e-001,
-9.97833891242861592552e-001,
-9.80776100253827776143e-001,
-9.46923405182355404364e-001,
-8.96848854962260411128e-001,
-8.31412652033537979968e-001,
-7.51747075660764485505e-001,
-6.59229437321630529212e-001,
-5.55449878074714797904e-001,
-4.42181702373707297138e-001,
-3.21355951999718003620e-001,
-1.95035048185201148607e-001,
-6.53793391604892970559e-002,
6.53938949246941070292e-002,
1.95052899151720665616e-001,
3.21388595619264139103e-001,
4.42245539882983151880e-001,
5.55552286500321290674e-001,
6.59357226204235535860e-001,
7.51869716366213247660e-001,
8.31499436055337159956e-001,
8.96886127395031373943e-001,
9.46917998865066334879e-001,
9.80744070515448651548e-001,
9.97786862069186986091e-001,
9.97756236738441715239e-001,
9.80658802821313457798e-001,
9.46796693052153970349e-001,
8.96755508036268134120e-001,
8.31387776553422996884e-001,
7.51798799440827725249e-001,
6.59335544499627612680e-001,
5.55572399157436613848e-001,
4.42286837549325295704e-001,
3.21424182781693434929e-001,
1.95057649539770311398e-001,
6.53509612278943691210e-002,
-6.54747790678004010223e-002,
-1.95174739383283613048e-001,
-3.21519952270386599746e-001,
-4.42342387409411452737e-001,
-5.55578572869572351323e-001,
-6.59304433156656655157e-001,
-7.51760332588453983327e-001,
-8.31372297690371908629e-001,
-8.96776265546159523367e-001,
-9.46846199624752027368e-001,
-9.80720022910596567201e-001,
-9.97816315963547584289e-001,
-9.97840444562451467370e-001,
-9.80785335321176510170e-001,
-9.46932859280903205246e-001,
-8.96855992679478464247e-001,
-8.31415545168962988321e-001,
-7.51744924036036876736e-001,
-6.59222789841701350966e-001,
-5.55440493033594662187e-001,
-4.42172082461586568591e-001,
-3.21348676958891688038e-001,
-1.95032083050916793532e-001,
-6.53815035709836567257e-002,
6.53871530482648538607e-002,
1.95043363127841623550e-001,
3.21378808379859326472e-001,
4.42238125904025392021e-001,
5.55549248083807234444e-001,
6.59359402792719651032e-001,
7.51876552871430625657e-001,
8.31509124074349292854e-001,
8.96896083485210549036e-001,
9.46925553410247533570e-001,
9.80747183511298303848e-001,
9.97784673920717013473e-001,
9.97749305376089301589e-001,
9.80648961791377060671e-001,
9.46786566577853982984e-001,
8.96747811283124418580e-001,
8.31384587667369556740e-001,
7.51800998521142238573e-001,
6.59342570943697192654e-001,
5.55582394217742137066e-001,
4.42297135951235154128e-001,
3.21432023398478317056e-001,
1.95060915640888260514e-001,
6.53487518541635142855e-002,
-6.54819008143651959397e-002,
-1.95184889497137692427e-001,
-3.21530424153666505305e-001,
-4.42350373559558085468e-001,
-5.55581917524645030326e-001,
-6.59302214138154041301e-001,
-7.51753115322220000216e-001,
-8.31361991495772389982e-001,
-8.96765618617136439639e-001,
-9.46838066257135624326e-001,
-9.80716598348357337933e-001,
-9.97818543967779802983e-001,
-9.97847757561852399810e-001,
-9.80795798627767112521e-001,
-9.46943682830738264755e-001,
-8.96864274963151131281e-001,
-8.31419051005923837039e-001,
-7.51742687715449608987e-001,
-6.59215380899140890314e-001,
-5.55429871579456779784e-001,
-4.42161080704869091651e-001,
-3.21340244045825118580e-001,
-1.95028494557148462940e-001,
-6.53837475281583979658e-002,
6.53796479559649035274e-002,
1.95032582486086514262e-001,
3.21367626818919005505e-001,
4.42229540633210183032e-001,
5.55545575536393054783e-001,
6.59361653696216909459e-001,
7.51884154316636799109e-001,
8.31520064948423898166e-001,
8.96907446459152546403e-001,
9.46934292782351527684e-001,
9.80750941524020869444e-001,
9.97782416771614943940e-001,
9.97741607378028971809e-001,
9.80637859635362318933e-001,
9.46775020570335135162e-001,
8.96738916050663359414e-001,
8.31380742762577007454e-001,
7.51803261204534889472e-001,
6.59350365691334316942e-001,
5.55593658710373472509e-001,
4.42308866624905372422e-001,
3.21441076266093250791e-001,
1.95064848879742541721e-001,
6.53464843584171950486e-002,
-6.54897925051869111979e-002,
-1.95196317386324647014e-001,
-3.21542341138312925963e-001,
-4.42359585853090819807e-001,
-5.55585940554938928493e-001,
-6.59299942562623253473e-001,
-7.51745126497590065995e-001,
-8.31350399144585971989e-001,
-8.96753513664123147464e-001,
-9.46828692730653953546e-001,
-9.80712484053667399309e-001,
-9.97820818879837645454e-001,
-9.97855843708029932593e-001,
-9.80807556512161893281e-001,
-9.46955977422398009757e-001,
-8.96873811546185839561e-001,
-8.31423258053787361810e-001,
-7.51740410220906873917e-001,
-6.59207197246482912156e-001,
-5.55417947084696606019e-001,
-4.42148594791127502734e-001,
-3.21330542565787580234e-001,
-1.95024193251333993748e-001,
-6.53860268403073513488e-002,
6.53713666146241018096e-002,
1.95020490297638571242e-001,
3.21354947886233976995e-001,
4.42219672398628305121e-001,
5.55541178451706807451e-001,
6.59363934050282596289e-001,
7.51892533526357209617e-001,
8.31532325920408821318e-001,
8.96920320121513459100e-001,
9.46944329646541849144e-001,
9.80755435924982710283e-001,
9.97780136162328301630e-001,
9.97733130122774314330e-001,
9.80625428783346686501e-001,
9.46761950453500533698e-001,
8.96728708664085050195e-001,
8.31376149491351634779e-001,
7.51805541271395982861e-001,
6.59358941166956258328e-001,
5.55606260545905450421e-001,
4.42322134935490940411e-001,
3.21451456085941833507e-001,
1.95069542592077066478e-001,
6.53442056426748046905e-002,
-6.54984663737944450279e-002,
-1.95209091316129262905e-001,
-3.21555809396781355769e-001,
-4.42370140035560965863e-001,
-5.55590736296348808310e-001,
-6.59297666017847783237e-001,
-7.51736354065522305312e-001,
-8.31337452002256727113e-001,
-8.96739843688494908669e-001,
-9.46817962237458954355e-001,
-9.80707584677909527393e-001,
-9.97823092422638224797e-001,
-9.97864714872073621521e-001,
-9.80820677993090472846e-001,
-9.46969850900033494057e-001,
-8.96884720317353001384e-001,
-8.31428262686736752052e-001,
-7.51738140522335562821e-001,
-6.59198227183791285455e-001,
-5.55404650130967514343e-001,
-4.42134516010690870047e-001,
-3.21319453529885445953e-001,
-1.95019081720525316870e-001,
-6.53882918410986224700e-002,
6.53622974882789031792e-002,
1.95007016728439619424e-001,
3.21340661985805131629e-001,
4.42208401091276070982e-001,
5.55535958364219539796e-001,
6.59366193488290064373e-001,
7.51901701879728823208e-001,
8.31545977256431978475e-001,
8.96934814975829275419e-001,
9.46955785252301396326e-001,
9.80760766246284054759e-001,
9.97777883163521006615e-001,
9.97723862380373693881e-001,
9.80611598520023997061e-001,
9.46747244794181042060e-001,
8.96717066712227839353e-001,
8.31370707240422723849e-001,
7.51807786943020972537e-001,
6.59368308459108876107e-001,
5.55620270906406643618e-001,
4.42337053268549440510e-001,
3.21463286452708774110e-001,
1.95075098487386744406e-001,
6.53419681978403971145e-002,
-6.55079333752876663555e-002,
-1.95223282953432941689e-001,
-3.21570942290361927451e-001,
-4.42382160907576260644e-001,
-5.55596407569988071096e-001,
-6.59295437711064247210e-001,
-7.51726787195990064916e-001,
-8.31323077898338591574e-001,
-8.96724494328998367187e-001,
-9.46805748747787223607e-001,
-9.80701796272387182896e-001,
-9.97825310668267850822e-001,
-9.97874381767502427465e-001,
-9.80835235763884094595e-001,
-9.46985418649817556336e-001,
-8.96897128559517420321e-001,
-8.31434169997520955420e-001,
-7.51735933272796530424e-001,
-6.59188460105191387228e-001,
-5.55389907482120914750e-001,
-4.42118727926694987662e-001,
-3.21306848377423515117e-001,
-1.95013053710881817393e-001,
-6.53904871476245486139e-002,
6.53524300696988608150e-002,
1.94992087979108635887e-001,
3.21324651603663025146e-001,
4.42195596847298588727e-001,
5.55529807841622425002e-001,
6.59368375892856906084e-001,
7.51911669794872006278e-001,
8.31561093340405066421e-001,
8.96951049640648978567e-001,
9.46968790792992343164e-001,
9.80767041116852200666e-001,
9.97775714632051058395e-001,
9.97713793812198934674e-001,
9.80596293855183653854e-001,
9.46730783841077783158e-001,
8.96703857645186785952e-001,
8.31364306165651156810e-001,
7.51809940618026639747e-001,
6.59378477836910059651e-001,
5.55635765410884774340e-001,
4.42353742537202498930e-001,
3.21476701300733302968e-001,
1.95081627644182631354e-001,
6.53398303749980063904e-002,
-6.55182037196534589052e-002,
-1.95238968569337201231e-001,
-3.21587861924115425705e-001,
-4.42395783816814214262e-001,
-5.55603066708671988749e-001,
-6.59293316748586044618e-001,
-7.51716415727660902668e-001,
-8.31307199885828906893e-001,
-8.96707342257810124941e-001,
-9.46791915471029921214e-001,
-9.80695005229621386000e-001,
-9.97827413749666658482e-001,
-9.97884854517972597066e-001,
-9.80851307472151212608e-001,
-9.47002805254270274560e-001,
-8.96911174536870525742e-001,
-8.31441094889403653490e-001,
-7.51733849105910345578e-001,
-6.59177885913500238857e-001,
-5.55373640764572851225e-001,
-4.42101104669083810883e-001,
-3.21292587339098323351e-001,
-1.95005993001662825126e-001,
-6.53925513537909619544e-002,
6.53417542765223763324e-002,
1.94975624923813928291e-001,
3.21306789548235105514e-001,
4.42181118359628089198e-001,
5.55522609323152560812e-001,
6.59370419079133518458e-001,
7.51922447351135558868e-001,
8.31577754077281627865e-001,
8.96969152663910196388e-001,
9.46983489146931201041e-001,
9.80774379460533807240e-001,
9.97773693537829076128e-001,
9.97702914329579471087e-001,
9.80579434076881639726e-001,
9.46712437653823846162e-001,
8.96688936978744743911e-001,
8.31356825956211187290e-001,
7.51811938534833412717e-001,
6.59389459410994804855e-001,
5.55652825606957501137e-001,
4.42372334111418741287e-001,
3.21491846755869226104e-001,
1.95089251784971551285e-001,
6.53378567342910443472e-002,
-6.55292875524056822600e-002,
-1.95256230576574540958e-001,
-3.21606701135796813062e-001,
-4.42411156567484753488e-001,
-5.55610836871905600098e-001,
-6.59291368496082941242e-001,
-7.51705229466647417702e-001,
-8.31289734656328715978e-001,
-8.96688253129811707609e-001,
-9.46776312886538518043e-001,
-9.80687086926771978135e-001,
-9.97829335488228719164e-001,
-9.97896143379423450348e-001,
-9.80868977353233750804e-001,
-9.47022146606508741229e-001,
-8.96927009525603446960e-001,
-8.31449163475584951399e-001,
-7.51731955020763065178e-001,
-6.59166494276537395791e-001,
-5.55355764783704741738e-001,
-4.42081508754786467463e-001,
-3.21276517342762912843e-001,
-1.94997771961333138391e-001,
-6.53944166321596409563e-002,
6.53302596857937151187e-002,
1.94957541375417736651e-001,
3.21286936703299108586e-001,
4.42164810718564171843e-001,
5.55514233630158615895e-001,
6.59372254383255640420e-001,
7.51934045077282120495e-001,
8.31596046681068790107e-001,
8.96989264839597733037e-001,
9.47000037104365754992e-001,
9.80782912032885256792e-001,
9.97771889389591160047e-001,
9.97691213282563715836e-001,
9.80560930908937367079e-001,
9.46692063714743459180e-001,
8.96672145997819525221e-001,
8.31348134248924619527e-001,
7.51813710331098783435e-001,
6.59401263968334427901e-001,
5.55671540869340008229e-001,
4.42392972279889051812e-001,
3.21508883503672515669e-001,
1.95098104912187098048e-001,
6.53361185006243877504e-002,
-6.55411958139094363851e-002,
-1.95275159485990695840e-001,
-3.21627606034021407133e-001,
-4.42428441862834642695e-001,
-5.55619853734185653593e-001,
-6.59289665050471374030e-001,
-7.51693217302525584778e-001,
-8.31270590524338714999e-001,
-8.96667078966228103809e-001,
-9.46758776224883691341e-001,
-9.80677903983609322580e-001,
-9.97831002905411157400e-001,
-9.97908259649650575263e-001,
-9.80888338307159490803e-001,
-9.47043592607386797155e-001,
-8.96944800411483833535e-001,
-8.31458514876892818002e-001,
-7.51730324887545764412e-001,
-6.59154273691390235612e-001,
-5.55336185383933811366e-001,
-4.42059788307352929948e-001,
-3.21258469334603724565e-001,
-1.94988249692480880570e-001,
-6.53960082104697720817e-002,
6.53179345712754655384e-002,
1.94937741880555154284e-001,
3.21264939161700513459e-001,
4.42146502648968042770e-001,
5.55504538051588947489e-001,
6.59373806120203465042e-001,
7.51946474941729614550e-001,
8.31616067946550852064e-001,
8.97011542162530428612e-001,
9.47018608216861901283e-001,
9.80792783397015033309e-001,
9.97770378796340451366e-001,
9.97678678441303201652e-001,
9.80540686170310427094e-001,
9.46669503882754614921e-001,
8.96653308817709215894e-001,
8.31338084589098191834e-001,
7.51815178462330702125e-001,
6.59413904020108243564e-001,
5.55692010811641101675e-001,
4.42415817390478416371e-001,
3.21527989820612314364e-001,
1.95108335413032213390e-001,
6.53346941660400137852e-002,
-6.55539413170305035328e-002,
-1.95295856391338368274e-001,
-3.21650739235714966391e-001,
-4.42447820431405736130e-001,
-5.55630267657311605056e-001,
-6.59288285863651180030e-001,
-7.51680366099631180887e-001,
-8.31249664866715143319e-001,
-8.96643654816657864615e-001,
-9.46739122242998720758e-001,
-9.80667304020076180393e-001,
-9.97832335576523843379e-001,
-9.97921216808673072762e-001,
-9.80909494537032466965e-001,
-9.47067310607076273676e-001,
-8.96964733016406223776e-001,
-8.31469303536628512319e-001,
-7.51729040117112168318e-001,
-6.59141210311484537776e-001,
-5.55314796730030368899e-001,
-4.42035773508472451532e-001,
-3.21238254847565574135e-001,
-1.94977269642168576924e-001,
-6.53972436779674676233e-002,
6.53047646968646366972e-002,
1.94916118917972114311e-001,
3.21240624566317578559e-001,
4.42126002969987330626e-001,
5.55493363876734536078e-001,
6.59374990864843746330e-001,
7.51959751593487935040e-001,
8.31637927136312682386e-001,
8.97036159601284688314e-001,
9.47039396449620318741e-001,
9.80804154470825473311e-001,
9.97769246212333094093e-001,
9.97665294719574546889e-001,
9.80518588799817458757e-001,
9.46644580502658872234e-001,
8.96632228615799609095e-001,
8.31326513800370592300e-001,
7.51816257429685830260e-001,
6.59427395114622894035e-001,
5.55714348352537079734e-001,
4.42441049862440982654e-001,
3.21549365461999137050e-001,
1.95120108775192563355e-001,
6.53336702899152271806e-002,
-6.55675400977981936990e-002,
-1.95318436129577471805e-001,
-3.21676284004122126081e-001,
-4.42469495038993632097e-001,
-5.55642246494952640745e-001,
-6.59287318572130964789e-001,
-7.51666659307869022832e-001,
-8.31226840865602834008e-001,
-8.96617794491453179440e-001,
-9.46717145084394973154e-001,
-9.80655116760130840525e-001,
-9.97833244770812810565e-001,
-9.97935031947844053413e-001,
-9.80932564906283110950e-001,
-9.47093489806763222383e-001,
-8.96987016370453860148e-001,
-8.31481702211524287272e-001,
-7.51728190552231056998e-001,
-6.59127286476224205636e-001,
-5.55291477846295178367e-001,
-4.42009272057533320055e-001,
-3.21215661592308077132e-001,
-1.94964656512608441874e-001,
-6.53980320612940341229e-002,
6.52907318040733680720e-002,
1.94892549331068087870e-001,
3.21213797426586011863e-001,
4.42103096044793308916e-001,
5.55480533204613879938e-001,
6.59375716494224328734e-001,
7.51973893918684299642e-001,
8.31661749658909155158e-001,
8.97063315930072824322e-001,
9.47062620878374783473e-001,
9.80817205822999249598e-001,
9.97768584930080471018e-001,
9.97651042573218238552e-001,
9.80494511063893403602e-001,
9.46617091420088208054e-001,
8.96608682783270660721e-001,
8.31313238579879376644e-001,
7.51816852750537112371e-001,
6.59441757485459967292e-001,
5.55738683626084029044e-001,
4.42468875330000399604e-001,
3.21573236667071882255e-001,
1.95133611104421594851e-001,
6.53331425662819625932e-002,
-6.55820131116404414495e-002,
-1.95343031313235743207e-001,
-3.21704449556388272224e-001,
-4.42493695655951091439e-001,
-5.55655979226968410600e-001,
-6.59286860103587613047e-001,
-7.51652075216762471932e-001,
-8.31201983349702189230e-001,
-8.96589285084286258254e-001,
-9.46692610943726475803e-001,
-9.80641150276332695945e-001,
-9.97833632303981699074e-001,
-9.97949727566981525939e-001,
-9.80957687227925201334e-001,
-9.47122346911747015064e-001,
-8.97011888221336373128e-001,
-8.31495905852623340415e-001,
-7.51727875657667410358e-001,
-6.59112478861147099707e-001,
-5.55266088192426732206e-001,
-4.41980063336921968897e-001,
-3.21190447767891740227e-001,
-1.94950212250656729207e-001,
-6.53982725906059741972e-002,
6.52758117072916033141e-002,
1.94866889763741751862e-001,
3.21184233095304638717e-001,
4.42077535904397966871e-001,
5.55465844798544328142e-001,
6.59375880907626998884e-001,
7.51988927001448592691e-001,
8.31687681777350973356e-001,
8.97093239946570308874e-001,
9.47088531758536467109e-001,
9.80832141957698300239e-001,
9.97768498407676229789e-001,
9.97635895980841791442e-001,
9.80468303698297627413e-001,
9.46586803561786149785e-001,
8.96582416655716918363e-001,
8.31298051068985799361e-001,
7.51816859581797447554e-001,
6.59457018131143546391e-001,
5.55765168995087766035e-001,
4.42499531271236590246e-001,
3.21599862635953137602e-001,
1.95149053703892905176e-001,
6.53332172519498904917e-002,
-6.55973883751670289177e-002,
-1.95369797504061998294e-001,
-3.21735477908809575087e-001,
-4.42520686148918318548e-001,
-5.55671680693984759714e-001,
-6.59287018158125737166e-001,
-7.51636584749106773096e-001,
-8.31174933454346009931e-001,
-8.96557879902493470858e-001,
-9.46665251152310038840e-001,
-9.80625186094197021092e-001,
-9.97833389001749226921e-001,
-9.97965333847540159162e-001,
-9.80985023776793085837e-001,
-9.47154133433731892922e-001,
-8.97039622179839901683e-001,
-8.31512136667947987512e-001,
-7.51728206113887131856e-001,
-6.59096756135494454831e-001,
-5.55238461972551888834e-001,
-4.41947890868336856762e-001,
-3.21162334676503402608e-001,
-1.94933710811515198413e-001
