-8.29168895944734640757e-001,
-8.94835528645125277691e-001,
-9.45342183818989711952e-001,
-9.79258658099011580767e-001,
-9.96116724053719870824e-001,
-9.96206264863463752945e-001,
-9.79844150235389732551e-001,
-9.46864007744679159195e-001,
-8.96862863728735137947e-001,
-8.30003428002476284497e-001,
-7.47634347725890102687e-001,
-6.52173432432660571401e-001,
-5.46401536942993870660e-001,
-4.32829642569750205894e-001,
-3.13626766028537895536e-001,
-1.90937777788133672408e-001,
-6.69782034930053449262e-002,
5.64527729054275714815e-002,
1.78686638611246784158e-001,
3.00329499996852267163e-001,
4.22359511572716728178e-001,
5.44543965411851349501e-001,
6.64145188246564877055e-001,
7.75704942131002272987e-001,
8.71927600688386150729e-001,
9.45045116419449993117e-001,
9.88075318149726711248e-001,
9.95913207172065662043e-001,
9.66558926351815950184e-001,
9.02528532285849172112e-001,
8.11853227339762284487e-001,
7.07759312886378499918e-001,
6.06596005241683222664e-001,
5.24559358449479762321e-001,
4.74456375075823166831e-001,
4.63604249487177544342e-001,
4.93159217228541724154e-001,
5.58456208208986448760e-001,
6.49872611119839072025e-001,
7.54164878734085664114e-001,
8.56518101577772306143e-001,
9.43243879444521038380e-001,
1.00439477406870025789e+000,
1.03523466318037882239e+000,
1.03596631799354743642e+000,
1.01008654917657425543e+000,
9.62429986653099311944e-001,
8.97826949015078867866e-001,
8.20544013121356274887e-001,
7.34040928484753329997e-001,
6.40615583238693608870e-001,
5.41058406184033002795e-001,
4.34824081909386594980e-001,
3.20971971527654609257e-001,
1.99442548864289803667e-001,
7.18235410945908814284e-002,
-5.89142226735633323109e-002,
-1.89416856941917427504e-001,
-3.16832793577175642064e-001,
-4.38948292525446981394e-001,
-5.53699687478957813802e-001,
-6.58754839472630693287e-001,
-7.51696546287396683006e-001,
-8.30652413202882966559e-001,
-8.95406384335203697766e-001,
-9.44342978448537095915e-001,
-9.77618327908739703780e-001,
-9.95159807790338635236e-001,
-9.96170552979682599748e-001,
-9.79639818287426966670e-001,
-9.45353723637880283270e-001,
-8.94395639145858734054e-001,
-8.28630922824194482423e-001,
-7.49681552732035960673e-001,
-6.58401648951099316420e-001,
-5.55359584883724721749e-001,
-4.41821713285300676777e-001,
-3.20227424146982686537e-001,
-1.93650680527155810706e-001,
-6.47539711323199401738e-002,
6.47539711323211336635e-002,
1.93650680527157031952e-001,
3.20227424146983685738e-001,
4.41821713285301620466e-001,
5.55359584883726054017e-001,
6.58401648951100759710e-001,
7.49681552732037292941e-001,
8.28630922824195925713e-001,
8.94395639145859844277e-001,
9.45353723637881060426e-001,
9.79639818287427188714e-001,
9.96170552979682599748e-001,
9.95159807790338746258e-001,
9.77618327908739148668e-001,
9.44342978448535652625e-001,
8.95406384335202032432e-001,
8.30652413202881079179e-001,
7.50692297921378703940e-001,
6.57390903761755351908e-001,
5.53338094505036348636e-001,
4.40810968095956379198e-001,
3.21238169336325873893e-001,
1.95672170905843045841e-001,
6.57647163216635854965e-002,
-6.57647163216649732753e-002,
-1.95672170905844655664e-001,
-3.21238169336327761272e-001,
-4.40810968095958322088e-001,
-5.53338094505038569082e-001,
-6.57390903761756462131e-001,
-7.50692297921380813364e-001,
-8.30652413202882744514e-001,
-8.95406384335203142655e-001,
-9.44342978448536762848e-001,
-9.77618327908739148668e-001,
-9.95159807790338857281e-001,
-9.96170552979683043837e-001,
-9.79639818287427854848e-001,
-9.45353723637881948605e-001,
-8.94395639145861287567e-001,
-8.28630922824197369003e-001,
-7.49681552732039069298e-001,
-6.58401648951102869134e-001,
-5.55359584883728052418e-001,
-4.41821713285303563357e-001,
-3.20227424146985240050e-001,
-1.93650680527158142175e-001,
-6.47539711323219663308e-002,
6.47539711323192046510e-002,
1.93650680527155089061e-001,
3.20227424146981576314e-001,
4.41821713285299899621e-001,
5.55359584883724610727e-001,
6.58401648951100093576e-001,
7.49681552732037181919e-001,
8.28630922824197146959e-001,
8.94395639145862397790e-001,
9.45353723637884502118e-001,
9.79639818287431518584e-001,
9.96170552979687928818e-001,
9.95159807790343964307e-001,
9.77618327908744477739e-001,
9.44342978448540537606e-001,
8.95406384335206473324e-001,
8.30652413202884964960e-001,
7.50692297921382478698e-001,
6.57390903761757683377e-001,
5.53338094505038680104e-001,
4.40810968095958655155e-001,
3.21238169336328427406e-001,
1.95672170905846015687e-001,
6.57647163216669577990e-002,
-6.57647163216612262726e-002,
-1.95672170905840575594e-001,
-3.21238169336323653447e-001,
-4.40810968095954491819e-001,
-5.53338094505035238413e-001,
-6.57390903761754463730e-001,
-7.50692297921379814163e-001,
-8.30652413202883077581e-001,
-8.95406384335204030833e-001,
-9.44342978448538095115e-001,
-9.77618327908741258092e-001,
-9.95159807790340855682e-001,
-9.96170552979684598149e-001,
-9.79639818287427632804e-001,
-9.45353723637880394293e-001,
-8.94395639145859289165e-001,
-8.28630922824194482423e-001,
-7.49681552732035627606e-001,
-6.58401648951099649487e-001,
-5.55359584883724832771e-001,
-4.41821713285301065355e-001,
-3.20227424146983186137e-001,
-1.93650680527156504596e-001,
-6.47539711323206201854e-002,
6.47539711323204258964e-002,
1.93650680527156199284e-001,
3.20227424146982686537e-001,
4.41821713285300232688e-001,
5.55359584883723833570e-001,
6.58401648951098317220e-001,
7.49681552732034295339e-001,
8.28630922824192150955e-001,
8.94395639145856846675e-001,
9.45353723637878062824e-001,
9.79639818287426078491e-001,
9.96170552979682377703e-001,
9.95159807790340189548e-001,
9.77618327908740925025e-001,
9.44342978448538428182e-001,
8.95406384335205141056e-001,
8.30652413202883743715e-001,
7.50692297921380924386e-001,
6.57390903761755907020e-001,
5.53338094505036570681e-001,
4.40810968095955602042e-001,
3.21238169336325041225e-001,
1.95672170905842268684e-001,
6.57647163216631969185e-002,
-6.57647163216647373529e-002,
-1.95672170905843684219e-001,
-3.21238169336326373493e-001,
-4.40810968095956878798e-001,
-5.53338094505037125792e-001,
-6.57390903761755351908e-001,
-7.50692297921379592118e-001,
-8.30652413202882189402e-001,
-8.95406384335202365499e-001,
-9.44342978448535430580e-001,
-9.77618327908737705378e-001,
-9.95159807790336303768e-001,
-9.96170552979679935213e-001,
-9.79639818287423747023e-001,
-9.45353723637877063624e-001,
-8.94395639145856846675e-001,
-8.28630922824193372200e-001,
-7.49681552732035627606e-001,
-6.58401648951100315621e-001,
-5.55359584883726165039e-001,
-4.41821713285302564156e-001,
-3.20227424146984296360e-001,
-1.93650680527157365018e-001,
-6.47539711323209671301e-002,
6.47539711323204952853e-002,
1.93650680527156310307e-001,
3.20227424146982797559e-001,
4.41821713285300454732e-001,
5.55359584883723833570e-001,
6.58401648951098095175e-001,
7.49681552732034073294e-001,
8.28630922824192817089e-001,
8.94395639145857623831e-001,
9.45353723637879506114e-001,
9.79639818287426522581e-001,
9.96170552979683709971e-001,
9.95159807790340633638e-001,
9.77618327908741813204e-001,
9.44342978448538761249e-001,
8.95406384335205474123e-001,
8.30652413202884853938e-001,
7.50692297921383033810e-001,
6.57390903761759459734e-001,
5.53338094505041455662e-001,
4.40810968095961874802e-001,
3.21238169336331980119e-001,
1.95672170905849346356e-001,
6.57647163216697333565e-002,
-6.57647163216596580826e-002,
-1.95672170905840575594e-001,
-3.21238169336325263270e-001,
-4.40810968095957322888e-001,
-5.53338094505039124194e-001,
-6.57390903761758682577e-001,
-7.50692297921382922787e-001,
-8.30652413202885187005e-001,
-8.95406384335205363101e-001,
-9.44342978448537651026e-001,
-9.77618327908739370713e-001,
-9.95159807790338302169e-001,
-9.96170552979681489525e-001,
-9.79639818287425634402e-001,
-9.45353723637879395092e-001,
-8.94395639145859955299e-001,
-8.28630922824196702869e-001,
-7.49681552732039513387e-001,
-6.58401648951104978558e-001,
-5.55359584883731716154e-001,
-4.41821713285308947938e-001,
-3.20227424146991956899e-001,
-1.93650680527165830469e-001,
-6.47539711323302097368e-002,
6.47539711323111139007e-002,
1.93650680527147650567e-001,
3.20227424146975692132e-001,
4.41821713285295736284e-001,
5.55359584883722168236e-001,
6.58401648951099316420e-001,
7.49681552732038514186e-001,
8.28630922824199145360e-001,
8.94395639145865395392e-001,
9.45353723637886944609e-001,
9.79639818287434294142e-001,
9.96170552979689927220e-001,
9.95159807790344630440e-001,
9.77618327908743367516e-001,
9.44342978448538428182e-001,
8.95406384335203253677e-001,
8.30652413202881523269e-001,
7.50692297921378592918e-001,
6.57390903761755240886e-001,
5.53338094505037347837e-001,
4.40810968095958988222e-001,
3.21238169336330481318e-001,
1.95672170905849207578e-001,
6.57647163216710656242e-002,
-6.57647163216571045696e-002,
-1.95672170905837244925e-001,
-3.21238169336321710556e-001,
-4.40810968095954158752e-001,
-5.53338094505036681703e-001,
-6.57390903761756906221e-001,
-7.50692297921382478698e-001,
-8.30652413202885298027e-001,
-8.95406384335206029235e-001,
-9.44342978448538983294e-001,
-9.77618327908741369114e-001,
-9.95159807790340300571e-001,
-9.96170552979683265882e-001,
-9.79639818287427299737e-001,
-9.45353723637880616337e-001,
-8.94395639145860843477e-001,
-8.28630922824196591847e-001,
-7.49681552732037959075e-001,
-6.58401648951101314822e-001,
-5.55359584883725720950e-001,
-4.41821713285300843310e-001,
-3.20227424146982242448e-001,
-1.93650680527155227839e-001,
-6.47539711323199540516e-002,
6.47539711323197181292e-002,
1.93650680527153506993e-001,
3.20227424146978245645e-001,
4.41821713285294681572e-001,
5.55359584883717838366e-001,
6.58401648951092988149e-001,
7.49681552732031741826e-001,
8.28630922824192595044e-001,
8.94395639145859955299e-001,
9.45353723637884724162e-001,
9.79639818287434516186e-001,
9.96170552979691703577e-001,
9.95159807790348405199e-001,
9.77618327908748918631e-001,
9.44342978448544534409e-001,
8.95406384335208915815e-001,
8.30652413202886852339e-001,
7.50692297921383477899e-001,
6.57390903761759681778e-001,
5.53338094505041122595e-001,
4.40810968095961153157e-001,
3.21238169336331425008e-001,
1.95672170905849263089e-001,
6.57647163216702607125e-002,
-6.57647163216580621370e-002,
-1.95672170905838022081e-001,
-3.21238169336321710556e-001,
-4.40810968095953048529e-001,
-5.53338094505033684101e-001,
-6.57390903761752465329e-001,
-7.50692297921377038605e-001,
-8.30652413202878969756e-001,
-8.95406384335199700963e-001,
-9.44342978448532766045e-001,
-9.77618327908735262888e-001,
-9.95159807790334083322e-001,
-9.96170552979677603744e-001,
-9.79639818287422081688e-001,
-9.45353723637875842378e-001,
-8.94395639145855292362e-001,
-8.28630922824191817888e-001,
-7.49681552732034406361e-001,
-6.58401648951099094376e-001,
-5.55359584883725498905e-001,
-4.41821713285302786201e-001,
-3.20227424146985406583e-001,
-1.93650680527159113620e-001,
-6.47539711323235761542e-002,
6.47539711323174144164e-002,
1.93650680527153368216e-001,
3.20227424146980299557e-001,
4.41821713285298733886e-001,
5.55359584883723167437e-001,
6.58401648951098206197e-001,
7.49681552732035516584e-001,
8.28630922824195037535e-001,
8.94395639145860399388e-001,
9.45353723637882281672e-001,
9.79639818287429964272e-001,
9.96170552979686485529e-001,
9.95159807790343187150e-001,
9.77618327908743478538e-001,
9.44342978448539871472e-001,
8.95406384335205030034e-001,
8.30652413202883521670e-001,
7.50692297921380924386e-001,
6.57390903761756795198e-001,
5.53338094505038458060e-001,
4.40810968095959321289e-001,
3.21238169336330148251e-001,
1.95672170905848735734e-001,
6.57647163216705660238e-002,
-6.57647163216570629363e-002,
-1.95672170905836356747e-001,
-3.21238169336319545621e-001,
-4.40810968095950772572e-001,
-5.53338094505031907744e-001,
-6.57390903761751910217e-001,
-7.50692297921377260650e-001,
-8.30652413202880191001e-001,
-8.95406384335201921409e-001,
-9.44342978448536318758e-001,
-9.77618327908740258891e-001,
-9.95159807790340189548e-001,
-9.96170552979684709172e-001,
-9.79639818287430075294e-001,
-9.45353723637884169051e-001,
-8.94395639145863174946e-001,
-8.28630922824198812293e-001,
-7.49681552732039402365e-001,
-6.58401648951101869933e-001,
-5.55359584883725942994e-001,
-4.41821713285301176377e-001,
-3.20227424146982186937e-001,
-1.93650680527154867017e-001,
-6.47539711323190242398e-002,
6.47539711323215499972e-002,
1.93650680527156171529e-001,
3.20227424146981631825e-001,
4.41821713285298067753e-001,
5.55359584883720724946e-001,
6.58401648951094653484e-001,
7.49681552732030187514e-001,
8.28630922824188709264e-001,
8.94395639145853516006e-001,
9.45353723637875731356e-001,
9.79639818287424080090e-001,
9.96170552979682599748e-001,
9.95159807790341521816e-001,
9.77618327908744477739e-001,
9.44342978448543646230e-001,
8.95406384335212024439e-001,
8.30652413202892292432e-001,
7.50692297921390472304e-001,
6.57390903761766565161e-001,
5.53338094505046451665e-001,
4.40810968095964761382e-001,
3.21238169336332701764e-001,
1.95672170905848596956e-001,
6.57647163216679847553e-002,
-6.57647163216611846392e-002,
-1.95672170905841130706e-001,
-3.21238169336324097536e-001,
-4.40810968095954491819e-001,
-5.53338094505034128190e-001,
-6.57390903761751799195e-001,
-7.50692297921375040204e-001,
-8.30652413202876416243e-001,
-8.95406384335196370294e-001,
-9.44342978448529657420e-001,
-9.77618327908733153464e-001,
-9.95159807790333639232e-001,
-9.96170552979679935213e-001,
-9.79639818287427632804e-001,
-9.45353723637884724162e-001,
-8.94395639145868392994e-001,
-8.28630922824207583055e-001,
-7.49681552732051836863e-001,
-6.58401648951116635899e-001,
-5.55359584883742374295e-001,
-4.41821713285317607678e-001,
-3.20227424146997341481e-001,
-1.93650680527167440292e-001,
-6.47539711323283778688e-002,
6.47539711323156658151e-002,
1.93650680527153784549e-001,
3.20227424146982408981e-001,
4.41821713285301120866e-001,
5.55359584883725498905e-001,
6.58401648951100093576e-001,
7.49681552732036071696e-001,
8.28630922824193705267e-001,
8.94395639145856957697e-001,
9.45353723637876730557e-001,
9.79639818287422969867e-001,
9.96170552979678602945e-001,
9.95159807790334638433e-001,
9.77618327908735595955e-001,
9.44342978448533876268e-001,
8.95406384335202032432e-001,
8.30652413202883854737e-001,
7.50692297921383810966e-001,
6.57390903761761791202e-001,
5.53338094505045119398e-001,
4.40810968095965594049e-001,
3.21238169336335477322e-001,
1.95672170905852566003e-001,
6.57647163216726754476e-002,
-6.57647163216561608801e-002,
-1.95672170905835940413e-001,
-3.21238169336318823976e-001,
-4.40810968095949440304e-001,
-5.53338094505029465253e-001,
-6.57390903761748246481e-001,
-7.50692297921373041802e-001,
-8.30652413202877193399e-001,
-8.95406384335199923008e-001,
-9.44342978448536540803e-001,
-9.77618327908741702181e-001,
-9.95159807790343409195e-001,
-9.96170552979689483131e-001,
-9.79639818287434294142e-001,
-9.45353723637888165854e-001,
-8.94395639145867171749e-001,
-8.28630922824202587051e-001,
-7.49681552732043954279e-001,
-6.58401648951107865138e-001,
-5.55359584883734602734e-001,
-4.41821713285312223096e-001,
-3.20227424146995898191e-001,
-1.93650680527170465650e-001,
-6.47539711323349975736e-002,
6.47539711323066174975e-002,
1.93650680527144208876e-001,
3.20227424146973804753e-001,
4.41821713285295680773e-001,
5.55359584883723611526e-001,
6.58401648951102647089e-001,
7.49681552732041733833e-001,
8.28630922824201698873e-001,
8.94395639145865728459e-001,
9.45353723637886167452e-001,
9.79639818287430852450e-001,
9.96170552979684931216e-001,
9.95159807790339301370e-001,
9.77618327908737816401e-001,
9.44342978448535208535e-001,
8.95406384335202809588e-001,
8.30652413202884853938e-001,
7.50692297921385698345e-001,
6.57390903761765121871e-001,
5.53338094505050115401e-001,
4.40810968095972088854e-001,
3.21238169336343026838e-001,
1.95672170905860004497e-001,
6.57647163216793229079e-002,
-6.57647163216513730433e-002,
-1.95672170905833636700e-001,
-3.21238169336319379088e-001,
-4.40810968095952160350e-001,
-5.53338094505033906145e-001,
-6.57390903761753464529e-001,
-7.50692297921378037806e-001,
-8.30652413202880635090e-001,
-8.95406384335201588343e-001,
-9.44342978448536429781e-001,
-9.77618327908740369914e-001,
-9.95159807790341410794e-001,
-9.96170552979687484729e-001,
-9.79639818287433183919e-001,
-9.45353723637888165854e-001,
-8.94395639145867837883e-001,
-8.28630922824203919319e-001,
-7.49681552732044620413e-001,
-6.58401648951107087981e-001,
-5.55359584883732049221e-001,
-4.41821713285307948738e-001,
-3.20227424146990680143e-001,
-1.93650680527165025557e-001,
-6.47539711323305428037e-002,
6.47539711323092820328e-002,
1.93650680527144319898e-001,
3.20227424146971473284e-001,
4.41821713285290629258e-001,
5.55359584883717616322e-001,
6.58401648951094986550e-001,
7.49681552732034628406e-001,
8.28630922824195259579e-001,
8.94395639145861176544e-001,
9.45353723637882503716e-001,
9.79639818287428520982e-001,
9.96170552979682932815e-001,
9.95159807790337302968e-001,
9.77618327908736373111e-001,
9.44342978448532432978e-001,
8.95406384335199256874e-001,
8.30652413202879857934e-001,
7.50692297921379481096e-001,
6.57390903761757461332e-001,
5.53338094505040345439e-001,
4.40810968095960764579e-001,
3.21238169336330703363e-001,
1.95672170905846987132e-001,
6.57647163216663471763e-002,
-6.57647163216636548855e-002,
-1.95672170905844572397e-001,
-3.21238169336328482917e-001,
-4.40810968095959210267e-001,
-5.53338094505038791127e-001,
-6.57390903761756240087e-001,
-7.50692297921378925984e-001,
-8.30652413202880079979e-001,
-8.95406384335199700963e-001,
-9.44342978448532544000e-001,
-9.77618327908735373910e-001,
-9.95159807790336303768e-001,
-9.96170552979682266681e-001,
-9.79639818287428743027e-001,
-9.45353723637885945408e-001,
-8.94395639145868504016e-001,
-8.28630922824207249988e-001,
-7.49681552732051170729e-001,
-6.58401648951116302833e-001,
-5.55359584883742485317e-001,
-4.41821713285318218301e-001,
-3.20227424146998895793e-001,
-1.93650680527170160339e-001,
-6.47539711323321526271e-002,
6.47539711323109196117e-002,
1.93650680527148455479e-001,
3.20227424146976635821e-001,
4.41821713285295791795e-001,
5.55359584883720391879e-001,
6.58401648951096318818e-001,
7.49681552732033185116e-001,
8.28630922824191262777e-001,
8.94395639145855292362e-001,
9.45353723637875842378e-001,
9.79639818287422636800e-001,
9.96170552979677492722e-001,
9.95159807790333528210e-001,
9.77618327908734707776e-001,
9.44342978448533210134e-001,
8.95406384335202476521e-001,
8.30652413202886408250e-001,
7.50692297921389029014e-001,
6.57390903761769673785e-001,
5.53338094505056110606e-001,
4.40810968095978916725e-001,
3.21238169336350021243e-001,
1.95672170905867193191e-001,
6.57647163216859842461e-002,
-6.57647163216455166168e-002,
-1.95672170905828723964e-001,
-3.21238169336315659841e-001,
-4.40810968095949440304e-001,
-5.53338094505032240811e-001,
-6.57390903761752132262e-001,
-7.50692297921377149628e-001,
-8.30652413202879857934e-001,
-8.95406384335201144253e-001,
-9.44342978448534986491e-001,
-9.77618327908738482535e-001,
-9.95159807790338746258e-001,
-9.96170552979682932815e-001,
-9.79639818287428298937e-001,
-9.45353723637882947806e-001,
-8.94395639145862619834e-001,
-8.28630922824199478427e-001,
-7.49681552732041955878e-001,
-6.58401648951106643892e-001,
-5.55359584883733936600e-001,
-4.41821713285311223895e-001,
-3.20227424146994510412e-001,
-1.93650680527168689293e-001,
-6.47539711323334293835e-002,
6.47539711323076166982e-002,
1.93650680527143931320e-001,
3.20227424146971695329e-001,
4.41821713285290962325e-001,
5.55359584883716839165e-001,
6.58401648951093543261e-001,
7.49681552732031408759e-001,
8.28630922824191928910e-001,
8.94395639145857956898e-001,
9.45353723637880505315e-001,
9.79639818287429187116e-001,
9.96170552979685597350e-001,
9.95159807790342298972e-001,
9.77618327908742812404e-001,
9.44342978448539316361e-001,
8.95406384335205030034e-001,
8.30652413202883077581e-001,
7.50692297921380591319e-001,
6.57390903761756351109e-001,
5.53338094505038124993e-001,
4.40810968095958877200e-001,
3.21238169336330370296e-001,
1.95672170905849873712e-001,
6.57647163216726754476e-002,
-6.57647163216539820674e-002,
-1.95672170905832276677e-001,
-3.21238169336314827174e-001,
-4.40810968095945665546e-001,
-5.53338094505026467651e-001,
-6.57390903761745470923e-001,
-7.50692297921370377267e-001,
-8.30652413202873196596e-001,
-8.95406384335194149848e-001,
-9.44342978448527881064e-001,
-9.77618327908730933018e-001,
-9.95159807790331529809e-001,
-9.96170552979676493521e-001,
-9.79639818287422636800e-001,
-9.45353723637878284869e-001,
-8.94395639145859622232e-001,
-8.28630922824197813092e-001,
-7.49681552732041400766e-001,
-6.58401648951106865937e-001,
-5.55359584883733603533e-001,
-4.41821713285310224695e-001,
-3.20227424146992456500e-001,
-1.93650680527165219846e-001,
-6.47539711323285860356e-002,
6.47539711323135286358e-002,
1.93650680527150564902e-001,
3.20227424146978689734e-001,
4.41821713285298345308e-001,
5.55359584883723611526e-001,
6.58401648951099538465e-001,
7.49681552732036515785e-001,
8.28630922824195148557e-001,
8.94395639145859289165e-001,
9.45353723637880616337e-001,
9.79639818287426300536e-001,
9.96170552979682377703e-001,
9.95159807790340300571e-001,
9.77618327908741369114e-001,
9.44342978448540315561e-001,
8.95406384335208693770e-001,
8.30652413202890294031e-001,
7.50692297921389806170e-001,
6.57390903761766343116e-001,
5.53338094505048117000e-001,
4.40810968095967148361e-001,
3.21238169336336143456e-001,
1.95672170905852288447e-001,
6.57647163216719954359e-002,
-6.57647163216570213029e-002,
-1.95672170905836856347e-001,
-3.21238169336319823177e-001,
-4.40810968095950161949e-001,
-5.53338094505030353432e-001,
-6.57390903761749467726e-001,
-7.50692297921373596914e-001,
-8.30652413202877304421e-001,
-8.95406384335199478919e-001,
-9.44342978448534098312e-001,
-9.77618327908737594356e-001,
-9.95159807790337636035e-001,
-9.96170552979680601347e-001,
-9.79639818287424968268e-001,
-9.45353723637877951802e-001,
-8.94395639145857512808e-001,
-8.28630922824193816290e-001,
-7.49681552732036515785e-001,
-6.58401648951102203000e-001,
-5.55359584883730716953e-001,
-4.41821713285309614072e-001,
-3.20227424146994565923e-001,
-1.93650680527170326872e-001,
-6.47539711323364269857e-002,
6.47539711323031758061e-002,
1.93650680527138047138e-001,
3.20227424146964589902e-001,
4.41821713285283024231e-001,
5.55359584883708179426e-001,
6.58401648951085438632e-001,
7.49681552732024969465e-001,
8.28630922824187599041e-001,
8.94395639145856402585e-001,
9.45353723637882392694e-001,
9.79639818287433294941e-001,
9.96170552979692036644e-001,
9.95159807790349404399e-001,
9.77618327908749251698e-001,
9.44342978448542869074e-001,
8.95406384335204585945e-001,
8.30652413202878525667e-001,
7.50692297921370377267e-001,
6.57390903761741363098e-001,
5.53338094505019584268e-001,
4.40810968095937338873e-001,
3.21238169336307000101e-001,
1.95672170905825920650e-001,
6.57647163216494579085e-002,
-6.57647163216757840720e-002,
-1.95672170905852121914e-001,
-3.21238169336332368697e-001,
-4.40810968095961153157e-001,
-5.53338094505039901350e-001,
-6.57390903761757683377e-001,
-7.50692297921380924386e-001,
-8.30652413202882966559e-001,
-8.95406384335203253677e-001,
-9.44342978448536873870e-001,
-9.77618327908738704579e-001,
-9.95159807790338413191e-001,
-9.96170552979682710770e-001,
-9.79639818287427743826e-001,
-9.45353723637882836783e-001,
-8.94395639145863174946e-001,
-8.28630922824201254784e-001,
-7.49681552732043843257e-001,
-6.58401648951108642294e-001,
-5.55359584883734935801e-001,
-4.41821713285311057362e-001,
-3.20227424146992567522e-001,
-1.93650680527164414935e-001,
-6.47539711323270733567e-002,
6.47539711323154298928e-002,
1.93650680527152285748e-001,
3.20227424146979577912e-001,
4.41821713285297845708e-001,
5.55359584883721169035e-001,
6.58401648951096429840e-001,
7.49681552732032185915e-001,
8.28630922824190485620e-001,
8.94395639145855625429e-001,
9.45353723637877951802e-001,
9.79639818287426855647e-001,
9.96170552979685042239e-001,
9.95159807790343853284e-001,
9.77618327908746032051e-001,
9.44342978448544756453e-001,
8.95406384335211913417e-001,
8.30652413202891737320e-001,
7.50692297921389473103e-001,
6.57390903761765121871e-001,
5.53338094505046229621e-001,
4.40810968095966260183e-001,
3.21238169336336421011e-001,
1.95672170905854092560e-001,
6.57647163216752567161e-002,
-6.57647163216532743002e-002,
-1.95672170905833525678e-001,
-3.21238169336318268865e-001,
-4.40810968095951050127e-001,
-5.53338094505034017168e-001,
-6.57390903761755907020e-001,
-7.50692297921382367676e-001,
-8.30652413202886963361e-001,
-8.95406384335208804792e-001,
-9.44342978448542758052e-001,
-9.77618327908745032850e-001,
-9.95159807790343520217e-001,
-9.96170552979686041439e-001,
-9.79639818287430075294e-001,
-9.45353723637883169850e-001,
-8.94395639145862619834e-001,
-8.28630922824199700472e-001,
-7.49681552732042955078e-001,
-6.58401648951108753316e-001,
-5.55359584883737045224e-001,
-4.41821713285315220698e-001,
-3.20227424146999728460e-001,
-1.93650680527174434697e-001,
-6.47539711323397021436e-002,
6.47539711323006916821e-002,
1.93650680527136465070e-001,
3.20227424146963812746e-001,
4.41821713285283801387e-001,
5.55359584883709955783e-001,
6.58401648951087326012e-001,
7.49681552732026856845e-001,
8.28630922824187710063e-001,
8.94395639145854293162e-001,
9.45353723637877396690e-001,
9.79639818287425190313e-001,
9.96170552979682377703e-001,
9.95159807790340744660e-001,
9.77618327908743145471e-001,
9.44342978448542424985e-001,
8.95406384335212135461e-001,
8.30652413202895179012e-001,
7.50692297921396134441e-001,
6.57390903761775446945e-001,
5.53338094505058331052e-001,
4.40810968095978694681e-001,
3.21238169336348078353e-001,
1.95672170905864029056e-001,
6.57647163216834168553e-002,
-6.57647163216457525392e-002,
-1.95672170905825282272e-001,
-3.21238169336307499702e-001,
-4.40810968095937005806e-001,
-5.53338094505016586666e-001,
-6.57390903761735367894e-001,
-7.50692297921362272639e-001,
-8.30652413202870087972e-001,
-8.95406384335199367897e-001,
-9.44342978448542647030e-001,
-9.77618327908756468148e-001,
-9.95159807790365169566e-001,
-9.96170552979716461550e-001,
-9.79639818287464492208e-001,
-9.45353723637917475742e-001,
-8.94395639145892595856e-001,
-8.28630922824220905731e-001,
-7.49681552732053280153e-001,
-6.58401648951107865138e-001,
-5.55359584883725387883e-001,
-4.41821713285297179574e-001,
-3.20227424146977524000e-001,
-1.93650680527151314303e-001,
-6.47539711323183303504e-002,
6.47539711323187189285e-002,
1.93650680527150426125e-001,
3.20227424146973804753e-001,
4.41821713285289907613e-001,
5.55359584883713286452e-001,
6.58401648951089102368e-001,
7.49681552732027634001e-001,
8.28630922824188154152e-001,
8.94395639145854071117e-001,
9.45353723637877285668e-001,
9.79639818287425523380e-001,
9.96170552979683043837e-001,
9.95159807790340522615e-001,
9.77618327908742146271e-001,
9.44342978448540759651e-001,
8.95406384335208582748e-001,
8.30652413202889516874e-001,
7.50692297921388584925e-001,
6.57390903761765010849e-001,
5.53338094505045785532e-001,
4.40810968095964039737e-001,
3.21238169336331758075e-001,
1.95672170905846709577e-001,
6.57647163216651259310e-002,
-6.57647163216650981754e-002,
-1.95672170905845543842e-001,
-3.21238169336328815984e-001,
-4.40810968095958322088e-001,
-5.53338094505037236814e-001,
-6.57390903761754241685e-001,
-7.50692297921376816561e-001,
-8.30652413202878747711e-001,
-8.95406384335199256874e-001,
-9.44342978448533765246e-001,
-9.77618327908737483334e-001,
-9.95159807790337747058e-001,
-9.96170552979683154859e-001,
-9.79639818287428520982e-001,
-9.45353723637882170650e-001,
-8.94395639145861731656e-001,
-8.28630922824197369003e-001,
-7.49681552732039180320e-001,
-6.58401648951103313223e-001,
-5.55359584883730272864e-001,
-4.41821713285308004249e-001,
-3.20227424146991845877e-001,
-1.93650680527166746403e-001,
-6.47539711323322636494e-002,
6.47539711323079636429e-002,
1.93650680527143626009e-001,
3.20227424146970807151e-001,
4.41821713285289741080e-001,
5.55359584883715284853e-001,
6.58401648951091100770e-001,
7.49681552732028411157e-001,
8.28630922824186599840e-001,
8.94395639145851517604e-001,
9.45353723637872622731e-001,
9.79639818287420083287e-001,
9.96170552979677936811e-001,
9.95159807790335304567e-001,
9.77618327908738260490e-001,
9.44342978448538206138e-001,
8.95406384335207583547e-001,
8.30652413202889405852e-001,
7.50692297921389473103e-001,
6.57390903761767342317e-001,
5.53338094505050337446e-001,
4.40810968095971200675e-001,
3.21238169336342360705e-001,
1.95672170905861253498e-001,
6.57647163216838054334e-002,
-6.57647163216426716703e-002,
-1.95672170905820425046e-001,
-3.21238169336302614720e-001,
-4.40810968095932453892e-001,
-5.53338094505013811109e-001,
-6.57390903761734257671e-001,
-7.50692297921361162416e-001,
-8.30652413202867090369e-001,
-8.95406384335191818380e-001,
-9.44342978448529657420e-001,
-9.77618327908736373111e-001,
-9.95159807790339412392e-001,
-9.96170552979686929618e-001,
-9.79639818287434516186e-001,
-9.45353723637891052434e-001,
-8.94395639145872722864e-001,
-8.28630922824210025546e-001,
-7.49681552732052947086e-001,
-6.58401648951116635899e-001,
-5.55359584883741042027e-001,
-4.41821713285315775810e-001,
-3.20227424146996009213e-001,
-1.93650680527167634581e-001,
-6.47539711323313754709e-002,
6.47539711323084077321e-002,
1.93650680527140961473e-001,
3.20227424146962702523e-001,
4.41821713285274864091e-001,
5.55359584883693302437e-001,
6.58401648951064011328e-001,
7.49681552731998546157e-001,
8.28630922824158622220e-001,
8.94395639145828202921e-001,
9.45353723637856968587e-001,
9.79639818287413421949e-001,
9.96170552979679713168e-001,
9.95159807790344297374e-001,
9.77618327908749806809e-001,
9.44342978448548864279e-001,
8.95406384335213578751e-001,
8.30652413202886963361e-001,
7.50692297921376927583e-001,
6.57390903761744138656e-001,
5.53338094505016475644e-001,
4.40810968095929012200e-001,
3.21238169336293566403e-001,
1.95672170905808989749e-001,
6.57647163216305702393e-002,
-6.57647163216950048081e-002,
-1.95672170905870551616e-001,
-3.21238169336349188576e-001,
-4.40810968095975475034e-001,
-5.53338094505052557892e-001,
-6.57390903761768341518e-001,
-7.50692297921391360482e-001,
-8.30652413202893624700e-001
