0.00000000000000000000e+000,
1.30526192220051573400e-001,
2.58819045102520739476e-001,
3.82683432365089781779e-001,
4.99999999999999944489e-001,
6.08761429008720544864e-001,
7.07106781186547461715e-001,
7.93353340291235165083e-001,
8.66025403784438596588e-001,
9.23879532511286738483e-001,
9.65925826289068201191e-001,
9.91444861373810382155e-001,
1.00000000000000000000e+000,
9.91444861373810493177e-001,
9.65925826289068312214e-001,
9.23879532511286849505e-001,
8.66025403784438707611e-001,
7.93353340291235165083e-001,
7.07106781186547572737e-001,
6.08761429008720877931e-001,
5.00000000000000333067e-001,
3.82683432365089892802e-001,
2.58819045102521017032e-001,
1.30526192220051989734e-001,
1.22460635382237725821e-016,
-1.30526192220051323600e-001,
-2.58819045102520350898e-001,
-3.82683432365089670757e-001,
-4.99999999999999722444e-001,
-6.08761429008720322820e-001,
-7.07106781186547128648e-001,
-7.93353340291234943038e-001,
-8.66025403784438374544e-001,
-9.23879532511286516439e-001,
-9.65925826289068312214e-001,
-9.91444861373810382155e-001,
-1.00000000000000000000e+000,
-9.91444861373810493177e-001,
-9.65925826289068423236e-001,
-9.23879532511286960528e-001,
-8.66025403784439040678e-001,
-7.93353340291235165083e-001,
-7.07106781186547683760e-001,
-6.08761429008720877931e-001,
-5.00000000000000444089e-001,
-3.82683432365090392402e-001,
-2.58819045102521572144e-001,
-1.30526192220051684423e-001,
-2.44921270764475451642e-016,
1.30526192220051184822e-001,
2.58819045102520239876e-001,
3.82683432365089115645e-001,
4.99999999999999278355e-001,
6.08761429008719878730e-001,
7.07106781186547350693e-001,
7.93353340291234943038e-001,
8.66025403784438374544e-001,
9.23879532511286516439e-001,
9.65925826289068090169e-001,
9.91444861373810271132e-001,
1.00000000000000000000e+000,
9.91444861373810493177e-001,
9.65925826289068423236e-001,
0.00000000000000000000e+000,
9.96551596004490169989e-001,
1.12484444888695955811e+000,
3.82683432365089892802e-001,
-3.66025403784438430055e-001,
-2.57263974775718495813e-001,
7.07106781186547239670e-001,
1.65937874407567353963e+000,
1.73205080756887763727e+000,
9.23879532511287071550e-001,
9.99004225046303817592e-002,
1.25419457589371230455e-001,
9.99999999999999555911e-001,
1.85747026515824842363e+000,
1.83195123007350746391e+000,
9.23879532511289291996e-001,
9.99200722162640886381e-016,
-7.26720634932032094611e-002,
7.07106781186546795581e-001,
1.47478683279315858634e+000,
1.36602540378444059499e+000,
3.82683432365090725469e-001,
-6.07206358681916524844e-001,
-7.35499211564388244433e-001,
-8.57224447675664080748e-016,
7.35499211564386246032e-001,
6.07206358681920077558e-001,
-3.82683432365088560534e-001,
-1.36602540378443726432e+000,
-1.47478683279316058474e+000,
-7.07106781186551902607e-001,
7.26720634932024323049e-002,
2.10942374678779742680e-015,
-9.23879532511281631457e-001,
-1.83195123007350746391e+000,
-1.85747026515824931181e+000,
-1.00000000000000155431e+000,
-1.25419457589373228856e-001,
-9.99004225046278282463e-002,
-9.23879532511281853502e-001,
-1.73205080756887452864e+000,
-1.65937874407567420576e+000,
-7.07106781186549349094e-001,
2.57263974775716275367e-001,
3.66025403784440261923e-001,
-3.82683432365085007820e-001,
-1.12484444888695689357e+000,
-9.96551596004490725100e-001,
-2.20429143688027906478e-015,
9.96551596004488171587e-001,
1.12484444888696111242e+000,
3.82683432365094777783e-001,
-3.66025403784435987564e-001,
-2.57263974775722825683e-001,
7.07106781186545130247e-001,
1.65937874407567198531e+000,
1.73205080756887941362e+000,
9.23879532511292400621e-001,
9.99004225046330462945e-002,
1.25419457589367455697e-001,
9.99999999999990452082e-001,
1.85747026515824731341e+000,
1.83195123007350968436e+000,
9.23879532511285739282e-001,
4.21884749357559485361e-015,
-7.26720634932040976395e-002,
7.07106781186538579931e-001,
1.47478683279315214705e+000,
1.36602540378443748637e+000,
3.82683432365096887207e-001,
-6.07206358681917635067e-001,
-7.35499211564390353857e-001,
-2.57167334302699224224e-015,
7.35499211564382804340e-001,
6.07206358681921187781e-001,
-3.82683432365090336891e-001,
-1.36602540378443393365e+000,
-1.47478683279316014065e+000,
-7.07106781186556898611e-001,
7.26720634932016551488e-002,
7.21644966006351751275e-015,
-9.23879532511279522033e-001,
-1.83195123007350635369e+000,
-1.85747026515825353066e+000,
-1.00000000000000333067e+000,
-1.25419457589377891793e-001,
-9.99004225046268290455e-002,
-9.23879532511273193762e-001,
-1.73205080756887364046e+000,
-1.65937874407568330959e+000,
-7.07106781186559230079e-001,
2.57263974775706505405e-001,
3.66025403784443814637e-001,
-3.82683432365083286975e-001,
-1.12484444888695889198e+000,
-9.96551596004496387238e-001,
-4.40858287376055812956e-015,
9.96551596004482620472e-001,
1.12484444888696177856e+000,
3.82683432365102771389e-001,
-3.66025403784435210408e-001,
-2.57263974775728265776e-001,
7.07106781186535249262e-001,
1.65937874407566265944e+000,
1.73205080756888341043e+000,
9.23879532511307832721e-001,
9.99004225046371541197e-002,
1.25419457589373783968e-001,
9.99999999999995559108e-001,
1.85747026515824975590e+000,
1.83195123007351057254e+000,
9.23879532511302725695e-001,
5.21804821573823573999e-015,
-7.26720634932109810222e-002,
7.07106781186536803574e-001,
1.47478683279315125887e+000,
1.36602540378444725633e+000,
3.82683432365114928331e-001,
-6.07206358681907421015e-001,
-7.35499211564396460084e-001,
-1.67206201141800736565e-014,
7.35499211564387467277e-001,
6.07206358681922520049e-001,
-3.82683432365072295767e-001,
-1.36602540378443260138e+000,
-1.47478683279316080679e+000,
-7.07106781186545685358e-001,
7.26720634931947717661e-002,
8.32667268468867405318e-015,
-9.23879532511277523632e-001,
-1.83195123007350524347e+000,
-1.85747026515826130222e+000,
-1.00000000000001953993e+000,
-1.25419457589378779971e-001,
-9.99004225046126181908e-002,
-9.23879532511257761662e-001,
-1.73205080756887896953e+000,
-1.65937874407568441981e+000,
-7.07106781186561450525e-001,
2.57263974775713943899e-001,
3.66025403784439040678e-001,
-3.82683432365068965098e-001,
-1.12484444888695267473e+000,
-9.96551596004497497461e-001,
-6.61287431064083719434e-015,
9.96551596004472406420e-001,
1.12484444888696799580e+000,
3.82683432365104492234e-001,
-3.66025403784434433252e-001,
-2.57263974775738035738e-001,
7.07106781186548571938e-001,
1.65937874407566132717e+000,
1.73205080756888429860e+000,
9.23879532511296064357e-001,
9.99004225046314919823e-002,
1.25419457589358018801e-001,
9.99999999999979460874e-001,
1.85747026515824176229e+000,
1.83195123007351146072e+000,
9.23879532511319601085e-001,
1.43218770176645193715e-014,
-7.26720634932118692006e-002,
7.07106781186534916195e-001,
1.47478683279314459753e+000,
1.36602540378443970681e+000,
3.82683432365085396398e-001,
-6.07206358681906310792e-001,
-7.35499211564391908169e-001,
-6.00057113372964856524e-015,
7.35499211564376031980e-001,
6.07206358681932512056e-001,
-3.82683432365070075321e-001,
-1.36602540378443149116e+000,
-1.47478683279317301924e+000,
-7.07106781186573440934e-001,
7.26720634931938835877e-002,
9.32587340685131493956e-015,
-9.23879532511245660231e-001,
-1.83195123007348925626e+000,
-1.85747026515826219040e+000,
-1.00000000000002153833e+000,
-1.25419457589394545138e-001,
-9.99004225046117300124e-002,
-9.23879532511255985305e-001,
-1.73205080756886564686e+000,
-1.65937874407566932078e+000,
-7.07106781186563448927e-001,
2.57263974775712722654e-001,
3.66025403784439817834e-001,
-3.82683432365092390803e-001,
-1.12484444888695200859e+000,
-9.96551596004498829728e-001,
-8.81716574752111625912e-015,
9.96551596004489059766e-001,
1.12484444888696866194e+000,
3.82683432365106213080e-001,
-3.66025403784433656096e-001,
-2.57263974775722048527e-001,
7.07106781186515487292e-001,
1.65937874407566043899e+000,
1.73205080756888518678e+000,
9.23879532511297951736e-001,
9.99004225046457028370e-002,
1.25419457589357130622e-001,
9.99999999999977462473e-001,
1.85747026515824087411e+000,
1.83195123007352789202e+000,
9.23879532511321710508e-001,
1.54321000422896759119e-014,
-7.26720634932247477877e-002,
7.07106781186507382664e-001,
1.47478683279314393140e+000,
1.36602540378445835856e+000,
3.82683432365151010579e-001,
-6.07206358681922742093e-001,
-7.35499211564392574303e-001,
-7.71502002908097672673e-015,
7.35499211564385912965e-001,
6.07206358681916080755e-001,
-3.82683432365067910386e-001,
-1.36602540378443038094e+000,
-1.47478683279316236110e+000,
-7.07106781186575217291e-001,
7.26720634931931064315e-002,
1.04360964314764714800e-014,
-9.23879532511273415807e-001,
-1.83195123007348814603e+000,
-1.85747026515826330062e+000,
-1.00000000000002353673e+000,
-1.25419457589380889395e-001,
-9.99004225046108418340e-002,
-9.23879532511254097926e-001,
-1.73205080756886475868e+000,
-1.65937874407568664026e+000,
-7.07106781186596533573e-001,
2.57263974775694514996e-001,
3.66025403784451808242e-001,
-3.82683432365065523406e-001,
-1.12484444888694046227e+000,
-9.96551596004517703520e-001,
-4.29958802936059036881e-014,
9.96551596004470074952e-001,
1.12484444888695866993e+000,
3.82683432365107989437e-001,
-3.66025403784432878940e-001,
-2.57263974775723269772e-001,
7.07106781186513488890e-001,
1.65937874407567553803e+000,
1.73205080756888585292e+000,
9.23879532511326928557e-001,
9.99004225046332683391e-002,
1.25419457589356131422e-001,
1.00000000000000399680e+000,
1.85747026515823998594e+000,
1.83195123007352878020e+000,
9.23879532511293954933e-001,
1.65423230669148324523e-014,
-7.26720634932254139216e-002,
7.07106781186531474503e-001,
1.47478683279314326526e+000,
1.36602540378444237135e+000,
3.82683432365121478647e-001,
-6.07206358681886326778e-001,
-7.35499211564393240437e-001,
-3.42984646760358113937e-014,
7.35499211564363819527e-001,
6.07206358681934954546e-001,
-3.82683432365034048583e-001,
-1.36602540378439463176e+000,
-1.47478683279317479560e+000,
-7.07106781186602861844e-001,
7.26720634931922182531e-002,
-4.44089209850062616169e-015,
-9.23879532511271417405e-001,
-1.83195123007348703581e+000,
-1.85747026515825064408e+000,
-1.00000000000002553513e+000,
-1.25419457589367233652e-001,
-9.99004225046232763319e-002,
-9.23879532511252210547e-001,
-1.73205080756887652704e+000,
-1.65937874407568797253e+000,
-7.07106781186598754019e-001,
2.57263974775710391185e-001,
3.66025403784452474376e-001,
-3.82683432365038600498e-001,
-1.12484444888695067633e+000,
-9.96551596004519035787e-001,
-1.32257486212816743887e-014,
9.96551596004468853707e-001,
1.12484444888698087439e+000,
3.82683432365109710283e-001,
-3.66025403784420944042e-001,
-2.57263974775758574864e-001,
7.07106781186511268444e-001,
1.65937874407564178725e+000,
1.73205080756888674109e+000,
9.23879532511328704913e-001,
9.99004225046608018701e-002,
1.25419457589355132221e-001,
1.00000000000000199840e+000,
1.85747026515823909776e+000,
1.83195123007352989042e+000,
9.23879532511295953334e-001,
1.76525460915399889927e-014,
-7.26720634932022102603e-002,
7.07106781186529587124e-001,
1.47478683279314237708e+000,
1.36602540378444348157e+000,
3.82683432365123643581e-001,
-6.07206358681884994510e-001,
-7.35499211564394017593e-001,
-3.60129135713871395552e-014,
7.35499211564384580697e-001,
6.07206358681936175792e-001,
-3.82683432365031828137e-001,
-1.36602540378442793845e+000,
-1.47478683279317523969e+000,
-7.07106781186604749223e-001,
7.26720634931913300747e-002,
2.86437540353290387429e-014,
-9.23879532511209689005e-001,
-1.83195123007348614763e+000,
-1.85747026515827884374e+000,
-1.00000000000002753353e+000,
-1.25419457589397653763e-001,
-9.99004225045957428009e-002,
-9.23879532511250434190e-001,
-1.73205080756887563886e+000,
-1.65937874407568908275e+000,
-7.07106781186538912998e-001,
2.57263974775709169940e-001,
3.66025403784453251532e-001,
-3.82683432365087172755e-001,
-1.12484444888694978815e+000,
-9.96551596004520257033e-001,
-1.54300400581619534535e-014,
9.96551596004467632461e-001,
1.12484444888698176257e+000,
3.82683432365111431128e-001,
-3.66025403784420277908e-001,
-2.57263974775725712263e-001,
7.07106781186509047998e-001,
1.65937874407564045498e+000,
1.73205080756888740723e+000,
9.23879532511330592293e-001,
9.99004225046616900485e-002,
1.25419457589354021998e-001,
9.99999999999943156581e-001,
1.85747026515823820958e+000,
1.83195123007353100064e+000,
9.23879532511357570712e-001,
1.87627691161651455332e-014,
-7.26720634932271902784e-002,
7.07106781186476074375e-001,
1.47478683279314148891e+000,
1.36602540378447923075e+000,
3.82683432365125864028e-001,
-6.07206358681883773265e-001,
-7.35499211564416111031e-001,
-3.77273624667384677167e-014,
7.35499211564362376237e-001,
6.07206358681972702129e-001,
-3.82683432365029663202e-001,
-1.36602540378439218927e+000,
-1.47478683279319877641e+000,
-7.07106781186606525580e-001,
7.26720634931665721012e-002,
2.97539770599541952834e-014,
-9.23879532511207690604e-001,
-1.83195123007351523547e+000,
-1.85747026515825242043e+000,
-1.00000000000002930989e+000,
-1.25419457589369232053e-001,
-9.99004225046213889527e-002,
-9.23879532511302614672e-001,
-1.73205080756887475069e+000,
-1.65937874407569019297e+000,
-7.07106781186541133444e-001,
2.57263974775707948695e-001,
3.66025403784454028688e-001,
-3.82683432365085451909e-001,
-1.12484444888694889997e+000,
-9.96551596004485951141e-001,
-1.76343314950422325182e-014,
9.96551596004466411216e-001,
1.12484444888696089038e+000,
3.82683432365113207485e-001,
-3.66025403784419500752e-001,
-2.57263974775726822486e-001,
7.07106781186507049597e-001,
1.65937874407563934476e+000,
1.73205080756888829541e+000,
9.23879532511332368649e-001,
9.99004225046360438967e-002,
1.25419457589353022797e-001,
9.99999999999941158180e-001,
1.85747026515823732140e+000,
1.83195123007353188882e+000,
9.23879532511359680136e-001,
1.97619698383277864195e-014,
-7.26720634932279674345e-002,
7.07106781186526034411e-001,
1.47478683279314082277e+000,
1.36602540378448034097e+000,
3.82683432365128028962e-001,
-6.07206358681882552020e-001,
-7.35499211564416888187e-001,
-3.94418113620897958782e-014,
7.35499211564361599081e-001,
6.07206358681938507260e-001,
-3.82683432365027498268e-001,
-1.36602540378439085700e+000,
-1.47478683279317701604e+000,
-7.07106781186608301937e-001,
7.26720634931656839228e-002,
3.08642000845793518238e-014,
-9.23879532511205692202e-001,
-1.83195123007345372912e+000,
-1.85747026515828084214e+000,
-1.00000000000008815171e+000,
-1.25419457589399541142e-001,
-9.99004225045938554217e-002,
-9.23879532511192480548e-001,
-1.73205080756884899351e+000,
-1.65937874407572394375e+000,
-7.07106781186667032735e-001,
2.57263974775706949494e-001,
3.66025403784432545873e-001,
-3.82683432365083731064e-001,
-1.12484444888694823383e+000,
-9.96551596004487172387e-001,
-1.98386229319225115830e-014,
9.96551596004465189971e-001,
1.12484444888696177856e+000,
3.82683432365114928331e-001,
-3.66025403784440928057e-001,
-2.57263974775727932709e-001,
7.07106781186504829151e-001,
1.65937874407567109714e+000,
1.73205080756888918359e+000,
9.23879532511334367051e-001,
9.99004225046369320751e-002,
1.25419457589352023597e-001,
9.99999999999939270801e-001,
1.85747026515823621118e+000,
1.83195123007353299904e+000,
9.23879532511302059561e-001,
2.08721928629529429600e-014,
-7.26720634932288556129e-002,
7.07106781186524369076e-001,
1.47478683279314015664e+000,
1.36602540378448145120e+000,
3.82683432365130193897e-001,
-6.07206358681881441797e-001,
-7.35499211564396349061e-001,
-4.11562602574411240397e-014,
7.35499211564360821924e-001,
6.07206358681939728505e-001,
-3.82683432365025277822e-001,
-1.36602540378438974678e+000,
-1.47478683279317790422e+000,
-7.07106781186610078294e-001,
7.26720634931889986063e-002,
3.19744231092045083642e-014,
-9.23879532511203582779e-001,
-1.83195123007348303901e+000,
-1.85747026515828173032e+000,
-1.00000000000009015011e+000,
-1.25419457589400540343e-001,
-9.99004225045929672433e-002,
-9.23879532511244772053e-001,
-1.73205080756884810533e+000,
-1.65937874407572527602e+000,
-7.07106781186607191714e-001,
2.57263974775671644402e-001,
3.66025403784477898483e-001,
-3.82683432365031661604e-001,
-1.12484444888692580733e+000,
-9.96551596004559336883e-001,
-8.59917605872118073762e-014,
9.96551596004428552611e-001,
1.12484444888698398302e+000,
3.82683432365166886768e-001,
-3.66025403784440150901e-001,
-2.57263974775729153954e-001,
7.07106781186502719727e-001,
1.65937874407566976487e+000,
1.73205080756889007176e+000,
9.23879532511336254430e-001,
9.99004225046379312758e-002,
1.25419457589380445306e-001,
9.99999999999937272399e-001,
1.85747026515823510096e+000,
1.83195123007350391120e+000,
9.23879532511363787961e-001,
2.20934381900406151544e-014,
-7.26720634932055409294e-002,
7.07106781186470745304e-001,
1.47478683279313926846e+000,
1.36602540378444814451e+000,
3.82683432365195808078e-001,
-6.07206358681880109529e-001,
-7.35499211564397015195e-001,
6.86728235041456080978e-015,
7.35499211564360155791e-001,
6.07206358681940949751e-001,
-3.82683432365086506621e-001,
-1.36602540378438863655e+000,
-1.47478683279317857036e+000,
-7.07106781186560118257e-001,
7.26720634931640185883e-002,
3.30846461338296649046e-014,
-9.23879532511261092331e-001,
-1.83195123007345150867e+000,
-1.85747026515828261850e+000,
-1.00000000000003530509e+000,
-1.25419457589430960454e-001,
-9.99004225045920790649e-002,
-9.23879532511242884674e-001,
-1.73205080756887230820e+000,
-1.65937874407572616420e+000,
-7.07106781186609412160e-001,
2.57263974775704507003e-001,
3.66025403784478564617e-001,
-3.82683432365029940758e-001,
-1.12484444888694667952e+000,
-9.96551596004560558129e-001,
-8.81960520240920864410e-014,
9.96551596004462747480e-001,
1.12484444888700618748e+000,
3.82683432365168607614e-001,
-3.66025403784417113773e-001,
-2.57263974775798431871e-001,
7.07106781186438770881e-001,
1.65937874407563601409e+000,
1.73205080756894069793e+000,
9.23879532511392098648e-001,
9.99004225046653537845e-002,
1.25419457589350025195e-001,
9.99999999999878430579e-001,
1.85747026515826174631e+000,
1.83195123007353499744e+000,
9.23879532511306278408e-001,
-8.77076189453873666935e-015,
-7.26720634932304099252e-002,
7.07106781186520705340e-001,
1.47478683279316125088e+000,
1.36602540378448411573e+000,
3.82683432365134579278e-001,
-6.07206358681914304398e-001,
-7.35499211564419108633e-001,
-4.45851580481437803627e-014,
7.35499211564380805939e-001,
6.07206358681906976926e-001,
-3.82683432365020892441e-001,
-1.36602540378442194324e+000,
-1.47478683279315658794e+000,
-7.07106781186613631007e-001,
7.26720634931872222495e-002,
2.22044604925031308085e-015,
-9.23879532511199474953e-001,
-1.83195123007348081856e+000,
-1.85747026515825619519e+000,
-1.00000000000009414691e+000,
-1.25419457589402649766e-001,
-9.99004225046177252167e-002,
-9.23879532511186929433e-001,
-1.73205080756884655102e+000,
-1.65937874407569463386e+000,
-7.07106781186673472028e-001,
2.57263974775669201911e-001,
3.66025403784457026291e-001,
-3.82683432365078513016e-001,
-1.12484444888692447506e+000,
-9.96551596004526363259e-001,
-2.64514972425633487774e-014,
9.96551596004425999098e-001,
1.12484444888698531528e+000,
3.82683432365120090868e-001,
-3.66025403784394076645e-001,
-2.57263974775765569269e-001,
7.07106781186498500880e-001,
1.65937874407560226331e+000,
1.73205080756891671712e+000,
9.23879532511339918166e-001,
9.99004225046928873155e-002,
1.25419457589319605084e-001,
9.99999999999933386619e-001,
1.85747026515817847958e+000,
1.83195123007356652778e+000,
9.23879532511367895786e-001,
2.43138842392909282353e-014,
-7.26720634932553899432e-002,
7.07106781186467192590e-001,
1.47478683279313771415e+000,
1.36602540378451964287e+000,
3.82683432365200193459e-001,
-6.07206358681877667038e-001,
-7.35499211564398458485e-001,
3.43838455971190448679e-015,
7.35499211564358712501e-001,
6.07206358681943392241e-001,
-3.82683432365082176752e-001,
-1.36602540378438619406e+000,
-1.47478683279318012467e+000,
-7.07106781186563670971e-001,
7.26720634932106479553e-002,
3.53050921830799779855e-014,
-9.23879532511256984506e-001,
-1.83195123007351012845e+000,
-1.85747026515828439486e+000,
-1.00000000000003930190e+000,
-1.25419457589374339079e-001,
-9.99004225045901916857e-002,
-9.23879532511239220938e-001,
-1.73205080756887053184e+000,
-1.65937874407572860669e+000,
-7.07106781186613631007e-001,
2.57263974775702175535e-001,
3.66025403784480118929e-001,
-3.82683432365026499067e-001,
-1.12484444888694534725e+000,
-9.96551596004563000619e-001,
-9.26046348978526445705e-014,
9.96551596004460193967e-001,
1.12484444888696466514e+000,
3.82683432365172104817e-001,
-3.66025403784415670483e-001,
-2.57263974775732706668e-001,
7.07106781186434441011e-001,
1.65937874407563379364e+000,
1.73205080756889273630e+000,
9.23879532511395984429e-001,
9.99004225046671301413e-002,
1.25419457589347915771e-001,
9.99999999999874544798e-001,
1.85747026515820490289e+000,
1.83195123007353721789e+000,
9.23879532511429513164e-001,
5.73985303731205931399e-014,
-7.26720634932321862820e-002,
7.07106781186413568818e-001,
1.47478683279311417742e+000,
1.36602540378448633618e+000,
3.82683432365138964659e-001,
-6.07206358681841251723e-001,
-7.35499211564420551923e-001,
-4.80140558388464366857e-014,
7.35499211564336619062e-001,
6.07206358681980029601e-001,
-3.82683432365016507060e-001,
-1.36602540378435044488e+000,
-1.47478683279320366140e+000,
-7.07106781186617183721e-001,
7.26720634931856679373e-002,
4.44089209850062616169e-015,
-9.23879532511195367128e-001,
-1.83195123007347859811e+000,
-1.85747026515825819359e+000,
-9.99999999999984345855e-001,
-1.25419457589404648168e-001,
-9.99004225046158378376e-002,
-9.23879532511291401420e-001,
-1.73205080756884477466e+000,
-1.65937874407569685431e+000,
-7.07106781186553901009e-001,
2.57263974775666870443e-001,
3.66025403784458580603e-001,
-3.82683432365075015813e-001,
-1.12484444888692292075e+000,
-9.96551596004528694728e-001,
-3.08600801163239069069e-014,
9.96551596004423556607e-001,
1.12484444888698686960e+000,
3.82683432365123532559e-001,
-3.66025403784392577844e-001,
-2.57263974775768011760e-001,
7.07106781186494282032e-001,
1.65937874407566532398e+000,
1.73205080756891849347e+000,
9.23879532511343581902e-001,
9.99004225046414839895e-002,
1.25419457589317606683e-001,
9.99999999999929500838e-001,
1.85747026515823154824e+000,
1.83195123007356830414e+000,
9.23879532511372003611e-001,
2.64233079860787256621e-014,
-7.26720634932570552778e-002,
7.07106781186463528854e-001,
1.47478683279313615984e+000,
1.36602540378452208536e+000,
3.82683432365204578840e-001,
-6.07206358681875335570e-001,
-7.35499211564442756384e-001,
-9.94664962374047778582e-014,
7.35499211564357269211e-001,
6.07206358681945834732e-001,
-3.82683432364950948390e-001,
-1.36602540378438375157e+000,
-1.47478683279318167898e+000,
-7.07106781186670807493e-001,
7.26720634931606879192e-002,
3.75255382323302910663e-014,
-9.23879532511133749750e-001,
-1.83195123007344751187e+000,
-1.85747026515828661530e+000,
-1.00000000000015676349e+000,
-1.25419457589434957256e-001,
-9.99004225045883043066e-002,
-9.23879532511127199434e-001,
-1.73205080756881901749e+000,
-1.65937874407573082713e+000,
-7.07106781186617960877e-001,
2.57263974775631676373e-001,
3.66025403784481673242e-001,
-3.82683432365023057375e-001,
-1.12484444888690071629e+000,
-9.96551596004565443110e-001,
-9.70132177716132027001e-014,
9.96551596004386919248e-001,
1.12484444888700929610e+000,
3.82683432365175602019e-001,
-3.66025403784369540716e-001,
-2.57263974775803094808e-001,
7.07106781186430222164e-001,
1.65937874407556584799e+000,
1.73205080756894425065e+000,
9.23879532511399648165e-001,
9.99004225047221972034e-002,
1.25419457589287186572e-001,
9.99999999999870659018e-001,
1.85747026515820312653e+000,
1.83195123007359983447e+000,
9.23879532511433620989e-001,
5.95079541199083905667e-014,
-7.26720634932820352958e-002,
7.07106781186410016105e-001,
1.47478683279311262311e+000,
1.36602540378441950075e+000,
3.82683432365143350040e-001,
-6.07206358681909419417e-001,
-7.35499211564379362649e-001,
-5.14429536295490930087e-014,
7.35499211564377808337e-001,
6.07206358681911750885e-001,
-3.82683432365139020170e-001,
-1.36602540378441728031e+000,
-1.47478683279315969656e+000,
-7.07106781186517152626e-001,
7.26720634931840026027e-002,
6.55031584528842358850e-015,
-9.23879532511310386234e-001,
-1.83195123007347682176e+000,
-1.85747026515825996995e+000,
-9.99999999999988231636e-001,
-1.25419457589406646569e-001,
-9.99004225046140614808e-002,
-9.23879532511287737684e-001,
-1.73205080756884299831e+000,
-1.65937874407569907476e+000,
-7.07106781186558119856e-001,
2.57263974775664538974e-001,
3.66025403784460134915e-001,
-3.82683432365071574122e-001,
-1.12484444888696466514e+000,
-9.96551596004531248241e-001,
-3.52686629900844650365e-014,
9.96551596004492168390e-001,
1.12484444888698842391e+000,
3.82683432365127029762e-001,
-3.66025403784435543475e-001,
-2.57263974775770232206e-001,
7.07106781186489841140e-001,
1.65937874407566310353e+000,
1.73205080756892026983e+000,
9.23879532511347467683e-001,
9.99004225046433713686e-002,
1.25419457589315608281e-001,
9.99999999999925504035e-001,
1.85747026515822977188e+000,
1.83195123007357052458e+000,
9.23879532511376111437e-001,
2.86437540353290387429e-014,
-7.26720634932105369330e-002,
7.07106781186459976141e-001,
1.47478683279313438348e+000,
1.36602540378445524993e+000,
3.82683432365208908710e-001,
-6.07206358681872893079e-001,
-7.35499211564401456087e-001,
-1.02895394028107434181e-013,
7.35499211564355714899e-001,
6.07206358681948277223e-001,
-3.82683432364946563009e-001,
-1.36602540378438153112e+000,
-1.47478683279318323329e+000,
-7.07106781186674360207e-001,
7.26720634931590225847e-002,
3.96349619791180884931e-014,
-9.23879532511248768856e-001,
-1.83195123007344529142e+000,
-1.85747026515828839166e+000,
-1.00000000000004707346e+000,
-1.25419457589437066680e-001,
-9.99004225045866389721e-002,
-9.23879532511231671421e-001,
-1.73205080756881724113e+000,
-1.65937874407573326963e+000,
-7.07106781186622179725e-001,
2.57263974775629344904e-001,
3.66025403784483116532e-001,
-3.82683432365019560173e-001,
-1.12484444888689916198e+000,
-9.96551596004567885601e-001,
-1.01421800645373760830e-013,
9.96551596004384476757e-001,
1.12484444888701062837e+000,
3.82683432365179043710e-001,
-3.66025403784412506347e-001,
-2.57263974775805537298e-001,
7.07106781186426003316e-001,
1.65937874407562935275e+000,
1.73205080756894602700e+000,
9.23879532511403311901e-001,
9.99004225046709048996e-002,
1.25419457589285299193e-001,
9.99999999999866773237e-001,
1.85747026515820135018e+000,
1.83195123007360205492e+000,
9.23879532511437728814e-001,
6.17284001691587036476e-014,
-7.26720634932835896080e-002,
7.07106781186406352369e-001,
1.47478683279311106880e+000,
1.36602540378456027703e+000,
3.82683432365274467379e-001,
-6.07206358681836366742e-001,
-7.35499211564423438503e-001,
-1.54347834426665775354e-013,
7.35499211564333732483e-001,
6.07206358681984803560e-001,
-3.82683432364880948828e-001,
-1.36602540378434555990e+000,
-1.47478683279320677002e+000,
-7.07106781186727983979e-001,
7.26720634931340425666e-002,
7.27196081129477533977e-014,
-9.23879532511068024547e-001,
-1.83195123007341420518e+000,
-1.85747026515831681337e+000,
-1.00000000000021960211e+000,
-1.25419457589467375769e-001,
-9.99004225046122851239e-002,
-9.23879532511283962926e-001,
-1.73205080756889095994e+000,
-1.65937874407570151725e+000,
-7.07106781186562338704e-001,
2.57263974775730375200e-001,
3.66025403784461689227e-001,
-3.82683432365068132430e-001,
-1.12484444888696311082e+000,
-9.96551596004533690731e-001,
-3.96772458638450231660e-014,
9.96551596004489614877e-001,
1.12484444888698975618e+000,
3.82683432365130526964e-001,
-3.66025403784434100185e-001,
-2.57263974775772674697e-001,
7.07106781186485622293e-001,
1.65937874407566088308e+000,
1.73205080756887208615e+000,
9.23879532511351131419e-001,
9.99004225046452587478e-002,
1.25419457589372229656e-001,
9.99999999999921618254e-001,
1.85747026515822777348e+000,
1.83195123007351234889e+000,
9.23879532511380219262e-001,
3.08642000845793518238e-014,
-7.26720634932122022676e-002,
7.07106781186456423427e-001,
1.47478683279313305121e+000,
1.36602540378445791447e+000,
3.82683432365213294091e-001,
-6.07206358681870339566e-001,
-7.35499211564402899377e-001,
-1.06324291818810090504e-013,
7.35499211564354271609e-001,
6.07206358681950719713e-001,
-3.82683432365069020609e-001,
-1.36602540378437908863e+000,
-1.47478683279318478760e+000,
-7.07106781186574329112e-001,
7.26720634931574682724e-002,
4.18554080283684015740e-014,
-9.23879532511244661031e-001,
-1.83195123007344329302e+000,
-1.85747026515829016802e+000,
-1.00000000000005084821e+000,
-1.25419457589439065082e-001,
-9.99004225045847515929e-002,
-9.23879532511228007685e-001,
-1.73205080756881546478e+000,
-1.65937874407573526803e+000,
-7.07106781186626398572e-001,
2.57263974775695070107e-001,
3.66025403784484670844e-001,
-3.82683432365016118482e-001,
-1.12484444888694090636e+000,
-9.96551596004570328091e-001,
-1.05830383519134318959e-013,
9.96551596004452866495e-001,
1.12484444888701218268e+000,
3.82683432365182540913e-001,
-3.66025403784411063057e-001,
-2.57263974775807868767e-001,
7.07106781186421673446e-001,
1.65937874407562691026e+000,
1.73205080756894758132e+000,
9.23879532511407197681e-001,
9.99004225046726812565e-002,
1.25419457589283189769e-001,
9.99999999999862776434e-001,
1.85747026515819912973e+000,
1.83195123007354343514e+000,
9.23879532511441836640e-001,
6.38378239159465010744e-014,
-7.26720634932371822856e-002,
7.07106781186402799655e-001,
1.47478683279310951448e+000,
1.36602540378449344161e+000,
3.82683432365278908271e-001,
-6.07206358681833924251e-001,
-7.35499211564424992815e-001,
-1.57776732217368431677e-013,
7.35499211564332178170e-001,
6.07206358681987357073e-001,
-3.82683432364876618959e-001,
-1.36602540378434333945e+000,
-1.47478683279320832433e+000,
-7.07106781186627841862e-001,
7.26720634931324882544e-002,
7.50510764646605821326e-014,
-9.23879532511183154675e-001,
-1.83195123007341198473e+000,
-1.85747026515831858973e+000,
-1.00000000000010969003e+000,
-1.25419457589469374170e-001,
-9.99004225045572180619e-002,
-9.23879532511171941422e-001,
-1.73205080756878970760e+000,
-1.65937874407576924085e+000,
-7.07106781186690458441e-001,
2.57263974775591819366e-001,
3.66025403784507763483e-001,
-3.82683432364964049022e-001,
-1.12484444888687540320e+000,
-9.96551596004606965451e-001,
-1.71983521174423614752e-013,
9.96551596004416229135e-001,
1.12484444888703460919e+000,
3.82683432365234499350e-001,
-3.66025403784387970418e-001,
-2.57263974775843173859e-001,
7.07106781186357724600e-001,
1.65937874407559293743e+000,
1.73205080756887386251e+000,
9.23879532511354795155e-001,
9.99004225046470351046e-002,
1.25419457589370231254e-001,
9.99999999999917732474e-001,
1.85747026515822577508e+000,
1.83195123007351412525e+000,
9.23879532511384216065e-001,
3.30846461338296649046e-014,
-7.26720634932138676021e-002,
7.07106781186452759691e-001,
1.47478683279313127485e+000,
1.36602540378446013491e+000,
3.82683432365090836491e-001,
-6.07206358681938618282e-001,
-7.35499211564447197276e-001,
-1.09753189609512746827e-013,
7.35499211564352828319e-001,
6.07206358681953162204e-001,
-3.82683432365064635228e-001,
-1.36602540378444570202e+000,
-1.47478683279314082277e+000,
-7.07106781186681576656e-001,
7.26720634931556919156e-002,
4.40758540776187146548e-014,
-9.23879532511240553205e-001,
-1.83195123007350169075e+000,
-1.85747026515823732140e+000,
-1.00000000000016853186e+000,
-1.25419457589441063483e-001,
-9.99004225045828642138e-002,
-9.23879532511224232927e-001,
-1.73205080756886342641e+000,
-1.65937874407567198531e+000,
-7.07106781186754407287e-001,
2.57263974775624681968e-001,
3.66025403784486336178e-001,
-3.82683432365012621279e-001,
-1.12484444888693935205e+000,
-9.96551596004501827331e-001,
1.76587260439231563680e-014,
9.96551596004379591776e-001,
1.12484444888701373699e+000,
3.82683432365185982604e-001,
-3.66025403784409453234e-001,
-2.57263974775742032541e-001,
7.07106781186541133444e-001,
1.65937874407555918665e+000,
1.73205080756894935767e+000,
9.23879532511410861417e-001,
9.99004225046745686356e-002,
1.25419457589339922166e-001,
9.99999999999972577491e-001,
1.85747026515825242043e+000,
1.83195123007360605172e+000,
9.23879532511207690604e-001
