-5.11724799790234225437e-004,
-1.43175143872095007262e-004,
3.30684291080332506269e-004,
8.56499273423707652500e-004,
1.31860277598496410112e-003,
1.53365543606620753636e-003,
1.29297732608643156996e-003,
4.50883151193213506640e-004,
-9.68714239324405422191e-004,
-2.69436373426760198205e-003,
-4.20687723777258409941e-003,
-4.84645316018879855624e-003,
-4.01925861006672754949e-003,
-1.45191539318128507580e-003,
2.59134992478553521228e-003,
7.22263324684697862604e-003,
1.10442378443662298643e-002,
1.24760333424191894452e-002,
1.02383225560293625311e-002,
3.86694829621779534445e-003,
-5.89835859368509525524e-003,
-1.70010183474533088654e-002,
-2.63189307076995733514e-002,
-3.02724810697951284000e-002,
-2.56741925535708508110e-002,
-1.06187345203408358557e-002,
1.48245612937620719479e-002,
4.83256907726132903247e-002,
8.55322473979778785669e-002,
1.20818083754417437969e-001,
1.48391752125747011792e-001,
1.63511035301990875768e-001,
1.63511035301990820257e-001,
1.48391752125747011792e-001,
1.20818083754417437969e-001,
8.55322473979778785669e-002,
4.83256907726132972636e-002,
1.48245612937620736826e-002,
-1.06187345203408341210e-002,
-2.56741925535708577499e-002,
-3.02724810697951318694e-002,
-2.63189307076995872292e-002,
-1.70010183474533019266e-002,
-5.89835859368509612261e-003,
3.86694829621779794654e-003,
1.02383225560293625311e-002,
1.24760333424191929147e-002,
1.10442378443662298643e-002,
7.22263324684698122813e-003,
2.59134992478553521228e-003,
-1.45191539318128507580e-003,
-4.01925861006672841685e-003,
-4.84645316018880115833e-003,
-4.20687723777258236468e-003,
-2.69436373426760328309e-003,
-9.68714239324404988510e-004,
4.50883151193213615061e-004,
1.29297732608643373836e-003,
1.53365543606620883740e-003,
1.31860277598496388428e-003,
8.56499273423708303021e-004,
3.30684291080332397848e-004,
-1.43175143872095495153e-004,
-5.11724799790234225437e-004
