1.00000000000000000000e+00,
2.00000003354167521508e+00,
1.94027751372157286625e+00,
9.99999985521573209191e-01,
-9.41316919111411576360e-01,
0.00000000000000000000e+00,
0.00000000000000000000e+00,
1.00000000000000000000e+00,
1.99999996645833322262e+00,
1.97420999111477124544e+00,
1.00000001447843400726e+00,
-9.75267574111934876235e-01,
0.00000000000000000000e+00,
0.00000000000000000000e+00,
1.00000000000000000000e+00,
-2.00000000000000177636e+00,
1.96798909705791502667e+00,
1.00000000000000177636e+00,
-9.71503511837995326061e-01,
0.00000000000000000000e+00,
0.00000000000000000000e+00,
1.00000000000000000000e+00,
2.00000000000000177636e+00,
1.98150510116483635770e+00,
1.00000000000000199840e+00,
-9.82780348487566679516e-01,
0.00000000000000000000e+00,
0.00000000000000000000e+00,
1.00000000000000000000e+00,
-2.00000000000000177636e+00,
1.76285118319507017048e+00,
1.00000000000000177636e+00,
-8.10806912189743211883e-01,
0.00000000000000000000e+00,
0.00000000000000000000e+00,
1.00000000000000000000e+00,
2.00000000000000177636e+00,
1.92896485111880289232e+00,
1.00000000000000199840e+00,
-9.34312390644189028066e-01,
0.00000000000000000000e+00,
0.00000000000000000000e+00,
1.00000000000000000000e+00,
-2.00000000000000177636e+00,
1.59316034594402466951e+00,
1.00000000000000177636e+00,
-7.94935404584899418801e-01,
0.00000000000000000000e+00,
0.00000000000000000000e+00,
1.00000000000000000000e+00,
2.00000000000000177636e+00,
1.79225033573605152526e+00,
1.00000000000000199840e+00,
-8.68748478503252541394e-01,
0.00000000000000000000e+00,
0.00000000000000000000e+00,
1.00000000000000000000e+00,
-2.00000003354114808118e+00,
1.18476208633755564215e+00,
9.99999985521048739834e-01,
-3.68045418945299740443e-01,
0.00000000000000000000e+00,
0.00000000000000000000e+00,
1.00000000000000000000e+00,
-1.99999996645885613766e+00,
1.45386565755369123742e+00,
1.00000001447895425777e+00,
-6.78779457508356331985e-01,
0.00000000000000000000e+00,
0.00000000000000000000e+00,
1.00000000000000000000e+00,
2.00000003354167521508e+00,
1.94027751372157286625e+00,
9.99999985521573209191e-01,
-9.41316919111411576360e-01,
0.00000000000000000000e+00,
0.00000000000000000000e+00,
1.00000000000000000000e+00,
1.99999996645833322262e+00,
1.97420999111477124544e+00,
1.00000001447843400726e+00,
-9.75267574111934876235e-01,
0.00000000000000000000e+00,
0.00000000000000000000e+00,
1.00000000000000000000e+00,
-2.00000000000000177636e+00,
1.96798909705791502667e+00,
1.00000000000000177636e+00,
-9.71503511837995326061e-01,
0.00000000000000000000e+00,
0.00000000000000000000e+00,
1.00000000000000000000e+00,
2.00000000000000177636e+00,
1.98150510116483635770e+00,
1.00000000000000199840e+00,
-9.82780348487566679516e-01,
0.00000000000000000000e+00,
0.00000000000000000000e+00,
1.00000000000000000000e+00,
-2.00000000000000177636e+00,
1.76285118319507017048e+00,
1.00000000000000177636e+00,
-8.10806912189743211883e-01,
0.00000000000000000000e+00,
0.00000000000000000000e+00,
1.00000000000000000000e+00,
2.00000000000000177636e+00,
1.92896485111880289232e+00,
1.00000000000000199840e+00,
-9.34312390644189028066e-01,
0.00000000000000000000e+00,
0.00000000000000000000e+00,
1.00000000000000000000e+00,
-2.00000000000000177636e+00,
1.59316034594402466951e+00,
1.00000000000000177636e+00,
-7.94935404584899418801e-01,
0.00000000000000000000e+00,
0.00000000000000000000e+00,
1.00000000000000000000e+00,
2.00000000000000177636e+00,
1.79225033573605152526e+00,
1.00000000000000199840e+00,
-8.68748478503252541394e-01,
0.00000000000000000000e+00,
0.00000000000000000000e+00,
1.00000000000000000000e+00,
-2.00000003354114808118e+00,
1.18476208633755564215e+00,
9.99999985521048739834e-01,
-3.68045418945299740443e-01,
0.00000000000000000000e+00,
0.00000000000000000000e+00,
1.00000000000000000000e+00,
-1.99999996645885613766e+00,
1.45386565755369123742e+00,
1.00000001447895425777e+00,
-6.78779457508356331985e-01,
0.00000000000000000000e+00,
0.00000000000000000000e+00,
1.00000000000000000000e+00,
2.00000003354167521508e+00,
1.94027751372157286625e+00,
9.99999985521573209191e-01,
-9.41316919111411576360e-01,
0.00000000000000000000e+00,
0.00000000000000000000e+00,
1.00000000000000000000e+00,
1.99999996645833322262e+00,
1.97420999111477124544e+00,
1.00000001447843400726e+00,
-9.75267574111934876235e-01,
0.00000000000000000000e+00,
0.00000000000000000000e+00,
1.00000000000000000000e+00,
-2.00000000000000177636e+00,
1.96798909705791502667e+00,
1.00000000000000177636e+00,
-9.71503511837995326061e-01,
0.00000000000000000000e+00,
0.00000000000000000000e+00,
1.00000000000000000000e+00,
2.00000000000000177636e+00,
1.98150510116483635770e+00,
1.00000000000000199840e+00,
-9.82780348487566679516e-01,
0.00000000000000000000e+00,
0.00000000000000000000e+00,
1.00000000000000000000e+00,
-2.00000000000000177636e+00,
1.76285118319507017048e+00,
1.00000000000000177636e+00,
-8.10806912189743211883e-01,
0.00000000000000000000e+00,
0.00000000000000000000e+00,
1.00000000000000000000e+00,
2.00000000000000177636e+00,
1.92896485111880289232e+00,
1.00000000000000199840e+00,
-9.34312390644189028066e-01,
0.00000000000000000000e+00,
0.00000000000000000000e+00,
1.00000000000000000000e+00,
-2.00000000000000177636e+00,
1.59316034594402466951e+00,
1.00000000000000177636e+00,
-7.94935404584899418801e-01,
0.00000000000000000000e+00,
0.00000000000000000000e+00,
1.00000000000000000000e+00,
2.00000000000000177636e+00,
1.79225033573605152526e+00,
1.00000000000000199840e+00,
-8.68748478503252541394e-01,
0.00000000000000000000e+00,
0.00000000000000000000e+00,
1.00000000000000000000e+00,
-2.00000003354114808118e+00,
1.18476208633755564215e+00,
9.99999985521048739834e-01,
-3.68045418945299740443e-01,
0.00000000000000000000e+00,
0.00000000000000000000e+00,
1.00000000000000000000e+00,
-1.99999996645885613766e+00,
1.45386565755369123742e+00,
1.00000001447895425777e+00,
-6.78779457508356331985e-01,
0.00000000000000000000e+00,
0.00000000000000000000e+00,
1.00000000000000000000e+00,
2.00000003354167521508e+00,
1.94027751372157286625e+00,
9.99999985521573209191e-01,
-9.41316919111411576360e-01,
0.00000000000000000000e+00,
0.00000000000000000000e+00,
1.00000000000000000000e+00,
1.99999996645833322262e+00,
1.97420999111477124544e+00,
1.00000001447843400726e+00,
-9.75267574111934876235e-01,
0.00000000000000000000e+00,
0.00000000000000000000e+00,
1.00000000000000000000e+00,
-2.00000000000000177636e+00,
1.96798909705791502667e+00,
1.00000000000000177636e+00,
-9.71503511837995326061e-01,
0.00000000000000000000e+00,
0.00000000000000000000e+00,
1.00000000000000000000e+00,
2.00000000000000177636e+00,
1.98150510116483635770e+00,
1.00000000000000199840e+00,
-9.82780348487566679516e-01,
0.00000000000000000000e+00,
0.00000000000000000000e+00,
1.00000000000000000000e+00,
-2.00000000000000177636e+00,
1.76285118319507017048e+00,
1.00000000000000177636e+00,
-8.10806912189743211883e-01,
0.00000000000000000000e+00,
0.00000000000000000000e+00,
1.00000000000000000000e+00,
2.00000000000000177636e+00,
1.92896485111880289232e+00,
1.00000000000000199840e+00,
-9.34312390644189028066e-01,
0.00000000000000000000e+00,
0.00000000000000000000e+00,
1.00000000000000000000e+00,
-2.00000000000000177636e+00,
1.59316034594402466951e+00,
1.00000000000000177636e+00,
-7.94935404584899418801e-01,
0.00000000000000000000e+00,
0.00000000000000000000e+00,
1.00000000000000000000e+00,
2.00000000000000177636e+00,
1.79225033573605152526e+00,
1.00000000000000199840e+00,
-8.68748478503252541394e-01,
0.00000000000000000000e+00,
0.00000000000000000000e+00,
1.00000000000000000000e+00,
-2.00000003354114808118e+00,
1.18476208633755564215e+00,
9.99999985521048739834e-01,
-3.68045418945299740443e-01,
0.00000000000000000000e+00,
0.00000000000000000000e+00,
1.00000000000000000000e+00,
-1.99999996645885613766e+00,
1.45386565755369123742e+00,
1.00000001447895425777e+00,
-6.78779457508356331985e-01,
0.00000000000000000000e+00,
0.00000000000000000000e+00,
1.00000000000000000000e+00,
2.00000003354167521508e+00,
1.94027751372157286625e+00,
9.99999985521573209191e-01,
-9.41316919111411576360e-01,
0.00000000000000000000e+00,
0.00000000000000000000e+00,
1.00000000000000000000e+00,
1.99999996645833322262e+00,
1.97420999111477124544e+00,
1.00000001447843400726e+00,
-9.75267574111934876235e-01,
0.00000000000000000000e+00,
0.00000000000000000000e+00,
1.00000000000000000000e+00,
-2.00000000000000177636e+00,
1.96798909705791502667e+00,
1.00000000000000177636e+00,
-9.71503511837995326061e-01,
0.00000000000000000000e+00,
0.00000000000000000000e+00,
1.00000000000000000000e+00,
2.00000000000000177636e+00,
1.98150510116483635770e+00,
1.00000000000000199840e+00,
-9.82780348487566679516e-01,
0.00000000000000000000e+00,
0.00000000000000000000e+00,
1.00000000000000000000e+00,
-2.00000000000000177636e+00,
1.76285118319507017048e+00,
1.00000000000000177636e+00,
-8.10806912189743211883e-01,
0.00000000000000000000e+00,
0.00000000000000000000e+00,
1.00000000000000000000e+00,
2.00000000000000177636e+00,
1.92896485111880289232e+00,
1.00000000000000199840e+00,
-9.34312390644189028066e-01,
0.00000000000000000000e+00,
0.00000000000000000000e+00,
1.00000000000000000000e+00,
-2.00000000000000177636e+00,
1.59316034594402466951e+00,
1.00000000000000177636e+00,
-7.94935404584899418801e-01,
0.00000000000000000000e+00,
0.00000000000000000000e+00,
1.00000000000000000000e+00,
2.00000000000000177636e+00,
1.79225033573605152526e+00,
1.00000000000000199840e+00,
-8.68748478503252541394e-01,
0.00000000000000000000e+00,
0.00000000000000000000e+00,
1.00000000000000000000e+00,
-2.00000003354114808118e+00,
1.18476208633755564215e+00,
9.99999985521048739834e-01,
-3.68045418945299740443e-01,
0.00000000000000000000e+00,
0.00000000000000000000e+00,
1.00000000000000000000e+00,
-1.99999996645885613766e+00,
1.45386565755369123742e+00,
1.00000001447895425777e+00,
-6.78779457508356331985e-01,
0.00000000000000000000e+00,
0.00000000000000000000e+00,
1.00000000000000000000e+00,
2.00000003354167521508e+00,
1.94027751372157286625e+00,
9.99999985521573209191e-01,
-9.41316919111411576360e-01,
0.00000000000000000000e+00,
0.00000000000000000000e+00,
1.00000000000000000000e+00,
1.99999996645833322262e+00,
1.97420999111477124544e+00,
1.00000001447843400726e+00,
-9.75267574111934876235e-01,
0.00000000000000000000e+00,
0.00000000000000000000e+00,
1.00000000000000000000e+00,
-2.00000000000000177636e+00,
1.96798909705791502667e+00,
1.00000000000000177636e+00,
-9.71503511837995326061e-01,
0.00000000000000000000e+00,
0.00000000000000000000e+00,
1.00000000000000000000e+00,
2.00000000000000177636e+00,
1.98150510116483635770e+00,
1.00000000000000199840e+00,
-9.82780348487566679516e-01,
0.00000000000000000000e+00,
0.00000000000000000000e+00,
1.00000000000000000000e+00,
-2.00000000000000177636e+00,
1.76285118319507017048e+00,
1.00000000000000177636e+00,
-8.10806912189743211883e-01,
0.00000000000000000000e+00,
0.00000000000000000000e+00,
1.00000000000000000000e+00,
2.00000000000000177636e+00,
1.92896485111880289232e+00,
1.00000000000000199840e+00,
-9.34312390644189028066e-01,
0.00000000000000000000e+00,
0.00000000000000000000e+00,
1.00000000000000000000e+00,
-2.00000000000000177636e+00,
1.59316034594402466951e+00,
1.00000000000000177636e+00,
-7.94935404584899418801e-01,
0.00000000000000000000e+00,
0.00000000000000000000e+00,
1.00000000000000000000e+00,
2.00000000000000177636e+00,
1.79225033573605152526e+00,
1.00000000000000199840e+00,
-8.68748478503252541394e-01,
0.00000000000000000000e+00,
0.00000000000000000000e+00,
1.00000000000000000000e+00,
-2.00000003354114808118e+00,
1.18476208633755564215e+00,
9.99999985521048739834e-01,
-3.68045418945299740443e-01,
0.00000000000000000000e+00,
0.00000000000000000000e+00,
1.00000000000000000000e+00,
-1.99999996645885613766e+00,
1.45386565755369123742e+00,
1.00000001447895425777e+00,
-6.78779457508356331985e-01,
0.00000000000000000000e+00,
0.00000000000000000000e+00,
1.00000000000000000000e+00,
2.00000003354167521508e+00,
1.94027751372157286625e+00,
9.99999985521573209191e-01,
-9.41316919111411576360e-01,
0.00000000000000000000e+00,
0.00000000000000000000e+00,
1.00000000000000000000e+00,
1.99999996645833322262e+00,
1.97420999111477124544e+00,
1.00000001447843400726e+00,
-9.75267574111934876235e-01,
0.00000000000000000000e+00,
0.00000000000000000000e+00,
1.00000000000000000000e+00,
-2.00000000000000177636e+00,
1.96798909705791502667e+00,
1.00000000000000177636e+00,
-9.71503511837995326061e-01,
0.00000000000000000000e+00,
0.00000000000000000000e+00,
1.00000000000000000000e+00,
2.00000000000000177636e+00,
1.98150510116483635770e+00,
1.00000000000000199840e+00,
-9.82780348487566679516e-01,
0.00000000000000000000e+00,
0.00000000000000000000e+00,
1.00000000000000000000e+00,
-2.00000000000000177636e+00,
1.76285118319507017048e+00,
1.00000000000000177636e+00,
-8.10806912189743211883e-01,
0.00000000000000000000e+00,
0.00000000000000000000e+00,
1.00000000000000000000e+00,
2.00000000000000177636e+00,
1.92896485111880289232e+00,
1.00000000000000199840e+00,
-9.34312390644189028066e-01,
0.00000000000000000000e+00,
0.00000000000000000000e+00,
1.00000000000000000000e+00,
-2.00000000000000177636e+00,
1.59316034594402466951e+00,
1.00000000000000177636e+00,
-7.94935404584899418801e-01,
0.00000000000000000000e+00,
0.00000000000000000000e+00,
1.00000000000000000000e+00,
2.00000000000000177636e+00,
1.79225033573605152526e+00,
1.00000000000000199840e+00,
-8.68748478503252541394e-01,
0.00000000000000000000e+00,
0.00000000000000000000e+00,
1.00000000000000000000e+00,
-2.00000003354114808118e+00,
1.18476208633755564215e+00,
9.99999985521048739834e-01,
-3.68045418945299740443e-01,
0.00000000000000000000e+00,
0.00000000000000000000e+00,
1.00000000000000000000e+00,
-1.99999996645885613766e+00,
1.45386565755369123742e+00,
1.00000001447895425777e+00,
-6.78779457508356331985e-01,
0.00000000000000000000e+00,
0.00000000000000000000e+00,
1.00000000000000000000e+00,
2.00000003354167521508e+00,
1.94027751372157286625e+00,
9.99999985521573209191e-01,
-9.41316919111411576360e-01,
0.00000000000000000000e+00,
0.00000000000000000000e+00,
1.00000000000000000000e+00,
1.99999996645833322262e+00,
1.97420999111477124544e+00,
1.00000001447843400726e+00,
-9.75267574111934876235e-01,
0.00000000000000000000e+00,
0.00000000000000000000e+00,
1.00000000000000000000e+00,
-2.00000000000000177636e+00,
1.96798909705791502667e+00,
1.00000000000000177636e+00,
-9.71503511837995326061e-01,
0.00000000000000000000e+00,
0.00000000000000000000e+00,
1.00000000000000000000e+00,
2.00000000000000177636e+00,
1.98150510116483635770e+00,
1.00000000000000199840e+00,
-9.82780348487566679516e-01,
0.00000000000000000000e+00,
0.00000000000000000000e+00,
1.00000000000000000000e+00,
-2.00000000000000177636e+00,
1.76285118319507017048e+00,
1.00000000000000177636e+00,
-8.10806912189743211883e-01,
0.00000000000000000000e+00,
0.00000000000000000000e+00,
1.00000000000000000000e+00,
2.00000000000000177636e+00,
1.92896485111880289232e+00,
1.00000000000000199840e+00,
-9.34312390644189028066e-01,
0.00000000000000000000e+00,
0.00000000000000000000e+00,
1.00000000000000000000e+00,
-2.00000000000000177636e+00,
1.59316034594402466951e+00,
1.00000000000000177636e+00,
-7.94935404584899418801e-01,
0.00000000000000000000e+00,
0.00000000000000000000e+00,
1.00000000000000000000e+00,
2.00000000000000177636e+00,
1.79225033573605152526e+00,
1.00000000000000199840e+00,
-8.68748478503252541394e-01,
0.00000000000000000000e+00,
0.00000000000000000000e+00,
1.00000000000000000000e+00,
-2.00000003354114808118e+00,
1.18476208633755564215e+00,
9.99999985521048739834e-01,
-3.68045418945299740443e-01,
0.00000000000000000000e+00,
0.00000000000000000000e+00,
1.00000000000000000000e+00,
-1.99999996645885613766e+00,
1.45386565755369123742e+00,
1.00000001447895425777e+00,
-6.78779457508356331985e-01,
0.00000000000000000000e+00,
0.00000000000000000000e+00,
1.00000000000000000000e+00,
2.00000003354167521508e+00,
1.94027751372157286625e+00,
9.99999985521573209191e-01,
-9.41316919111411576360e-01,
0.00000000000000000000e+00,
0.00000000000000000000e+00,
1.00000000000000000000e+00,
1.99999996645833322262e+00,
1.97420999111477124544e+00,
1.00000001447843400726e+00,
-9.75267574111934876235e-01,
0.00000000000000000000e+00,
0.00000000000000000000e+00,
1.00000000000000000000e+00,
-2.00000000000000177636e+00,
1.96798909705791502667e+00,
1.00000000000000177636e+00,
-9.71503511837995326061e-01,
0.00000000000000000000e+00,
0.00000000000000000000e+00,
1.00000000000000000000e+00,
2.00000000000000177636e+00,
1.98150510116483635770e+00,
1.00000000000000199840e+00,
-9.82780348487566679516e-01,
0.00000000000000000000e+00,
0.00000000000000000000e+00,
1.00000000000000000000e+00,
-2.00000000000000177636e+00,
1.76285118319507017048e+00,
1.00000000000000177636e+00,
-8.10806912189743211883e-01,
0.00000000000000000000e+00,
0.00000000000000000000e+00,
1.00000000000000000000e+00,
2.00000000000000177636e+00,
1.92896485111880289232e+00,
1.00000000000000199840e+00,
-9.34312390644189028066e-01,
0.00000000000000000000e+00,
0.00000000000000000000e+00,
1.00000000000000000000e+00,
-2.00000000000000177636e+00,
1.59316034594402466951e+00,
1.00000000000000177636e+00,
-7.94935404584899418801e-01,
0.00000000000000000000e+00,
0.00000000000000000000e+00,
1.00000000000000000000e+00,
2.00000000000000177636e+00,
1.79225033573605152526e+00,
1.00000000000000199840e+00,
-8.68748478503252541394e-01,
0.00000000000000000000e+00,
0.00000000000000000000e+00,
1.00000000000000000000e+00,
-2.00000003354114808118e+00,
1.18476208633755564215e+00,
9.99999985521048739834e-01,
-3.68045418945299740443e-01,
0.00000000000000000000e+00,
0.00000000000000000000e+00,
1.00000000000000000000e+00,
-1.99999996645885613766e+00,
1.45386565755369123742e+00,
1.00000001447895425777e+00,
-6.78779457508356331985e-01,
0.00000000000000000000e+00,
0.00000000000000000000e+00,
1.00000000000000000000e+00,
2.00000003354167521508e+00,
1.94027751372157286625e+00,
9.99999985521573209191e-01,
-9.41316919111411576360e-01,
0.00000000000000000000e+00,
0.00000000000000000000e+00,
1.00000000000000000000e+00,
1.99999996645833322262e+00,
1.97420999111477124544e+00,
1.00000001447843400726e+00,
-9.75267574111934876235e-01,
0.00000000000000000000e+00,
0.00000000000000000000e+00,
1.00000000000000000000e+00,
-2.00000000000000177636e+00,
1.96798909705791502667e+00,
1.00000000000000177636e+00,
-9.71503511837995326061e-01,
0.00000000000000000000e+00,
0.00000000000000000000e+00,
1.00000000000000000000e+00,
2.00000000000000177636e+00,
1.98150510116483635770e+00,
1.00000000000000199840e+00,
-9.82780348487566679516e-01,
0.00000000000000000000e+00,
0.00000000000000000000e+00,
1.00000000000000000000e+00,
-2.00000000000000177636e+00,
1.76285118319507017048e+00,
1.00000000000000177636e+00,
-8.10806912189743211883e-01,
0.00000000000000000000e+00,
0.00000000000000000000e+00,
1.00000000000000000000e+00,
2.00000000000000177636e+00,
1.92896485111880289232e+00,
1.00000000000000199840e+00,
-9.34312390644189028066e-01,
0.00000000000000000000e+00,
0.00000000000000000000e+00,
1.00000000000000000000e+00,
-2.00000000000000177636e+00,
1.59316034594402466951e+00,
1.00000000000000177636e+00,
-7.94935404584899418801e-01,
0.00000000000000000000e+00,
0.00000000000000000000e+00,
1.00000000000000000000e+00,
2.00000000000000177636e+00,
1.79225033573605152526e+00,
1.00000000000000199840e+00,
-8.68748478503252541394e-01,
0.00000000000000000000e+00,
0.00000000000000000000e+00,
1.00000000000000000000e+00,
-2.00000003354114808118e+00,
1.18476208633755564215e+00,
9.99999985521048739834e-01,
-3.68045418945299740443e-01,
0.00000000000000000000e+00,
0.00000000000000000000e+00,
1.00000000000000000000e+00,
-1.99999996645885613766e+00,
1.45386565755369123742e+00,
1.00000001447895425777e+00,
-6.78779457508356331985e-01,
0.00000000000000000000e+00,
0.00000000000000000000e+00,
1.00000000000000000000e+00,
2.00000003354167521508e+00,
1.94027751372157286625e+00,
9.99999985521573209191e-01,
-9.41316919111411576360e-01,
0.00000000000000000000e+00,
0.00000000000000000000e+00,
1.00000000000000000000e+00,
1.99999996645833322262e+00,
1.97420999111477124544e+00,
1.00000001447843400726e+00,
-9.75267574111934876235e-01,
0.00000000000000000000e+00,
0.00000000000000000000e+00,
1.00000000000000000000e+00,
-2.00000000000000177636e+00,
1.96798909705791502667e+00,
1.00000000000000177636e+00,
-9.71503511837995326061e-01,
0.00000000000000000000e+00,
0.00000000000000000000e+00,
1.00000000000000000000e+00,
2.00000000000000177636e+00,
1.98150510116483635770e+00,
1.00000000000000199840e+00,
-9.82780348487566679516e-01,
0.00000000000000000000e+00,
0.00000000000000000000e+00,
1.00000000000000000000e+00,
-2.00000000000000177636e+00,
1.76285118319507017048e+00,
1.00000000000000177636e+00,
-8.10806912189743211883e-01,
0.00000000000000000000e+00,
0.00000000000000000000e+00,
1.00000000000000000000e+00,
2.00000000000000177636e+00,
1.92896485111880289232e+00,
1.00000000000000199840e+00,
-9.34312390644189028066e-01,
0.00000000000000000000e+00,
0.00000000000000000000e+00,
1.00000000000000000000e+00,
-2.00000000000000177636e+00,
1.59316034594402466951e+00,
1.00000000000000177636e+00,
-7.94935404584899418801e-01,
0.00000000000000000000e+00,
0.00000000000000000000e+00,
1.00000000000000000000e+00,
2.00000000000000177636e+00,
1.79225033573605152526e+00,
1.00000000000000199840e+00,
-8.68748478503252541394e-01,
0.00000000000000000000e+00,
0.00000000000000000000e+00,
1.00000000000000000000e+00,
-2.00000003354114808118e+00,
1.18476208633755564215e+00,
9.99999985521048739834e-01,
-3.68045418945299740443e-01,
0.00000000000000000000e+00,
0.00000000000000000000e+00,
1.00000000000000000000e+00,
-1.99999996645885613766e+00,
1.45386565755369123742e+00,
1.00000001447895425777e+00,
-6.78779457508356331985e-01,
0.00000000000000000000e+00,
0.00000000000000000000e+00,
1.00000000000000000000e+00,
2.00000003354167521508e+00,
1.94027751372157286625e+00,
9.99999985521573209191e-01,
-9.41316919111411576360e-01,
0.00000000000000000000e+00,
0.00000000000000000000e+00,
1.00000000000000000000e+00,
1.99999996645833322262e+00,
1.97420999111477124544e+00,
1.00000001447843400726e+00,
-9.75267574111934876235e-01,
0.00000000000000000000e+00,
0.00000000000000000000e+00,
1.00000000000000000000e+00,
-2.00000000000000177636e+00,
1.96798909705791502667e+00,
1.00000000000000177636e+00,
-9.71503511837995326061e-01,
0.00000000000000000000e+00,
0.00000000000000000000e+00,
1.00000000000000000000e+00,
2.00000000000000177636e+00,
1.98150510116483635770e+00,
1.00000000000000199840e+00,
-9.82780348487566679516e-01,
0.00000000000000000000e+00,
0.00000000000000000000e+00,
1.00000000000000000000e+00,
-2.00000000000000177636e+00,
1.76285118319507017048e+00,
1.00000000000000177636e+00,
-8.10806912189743211883e-01,
0.00000000000000000000e+00,
0.00000000000000000000e+00,
1.00000000000000000000e+00,
2.00000000000000177636e+00,
1.92896485111880289232e+00,
1.00000000000000199840e+00,
-9.34312390644189028066e-01,
0.00000000000000000000e+00,
0.00000000000000000000e+00,
1.00000000000000000000e+00,
-2.00000000000000177636e+00,
1.59316034594402466951e+00,
1.00000000000000177636e+00,
-7.94935404584899418801e-01,
0.00000000000000000000e+00,
0.00000000000000000000e+00,
1.00000000000000000000e+00,
2.00000000000000177636e+00,
1.79225033573605152526e+00,
1.00000000000000199840e+00,
-8.68748478503252541394e-01,
0.00000000000000000000e+00,
0.00000000000000000000e+00,
1.00000000000000000000e+00,
-2.00000003354114808118e+00,
1.18476208633755564215e+00,
9.99999985521048739834e-01,
-3.68045418945299740443e-01,
0.00000000000000000000e+00,
0.00000000000000000000e+00,
1.00000000000000000000e+00,
-1.99999996645885613766e+00,
1.45386565755369123742e+00,
1.00000001447895425777e+00,
-6.78779457508356331985e-01,
0.00000000000000000000e+00,
0.00000000000000000000e+00,
